  Seconds   Minutes     Hours  Type  Sub Chan  Num	Aux
    0.019   0.00032 0.0000054     +    0    0    0	(N
    0.231   0.00384 0.0000640     N    0    0    0
    1.100   0.01833 0.0003056     N    0    0    0
    1.975   0.03292 0.0005486     N    0    0    0
    2.867   0.04778 0.0007963     N    0    0    0
    3.800   0.06333 0.0010556     N    0    0    0
    4.756   0.07926 0.0013210     N    0    0    0
    5.656   0.09426 0.0015710     N    0    0    0
    6.525   0.10875 0.0018125     N    0    0    0
    7.394   0.12324 0.0020540     N    0    0    0
    8.256   0.13759 0.0022932     N    0    0    0
    9.169   0.15282 0.0025471     N    0    0    0
   10.086   0.16810 0.0028017     N    0    0    0
   11.000   0.18333 0.0030556     N    0    0    0
   11.897   0.19829 0.0033048     N    0    0    0
   12.803   0.21338 0.0035563     N    0    0    0
   13.689   0.22815 0.0038025     N    0    0    0
   14.558   0.24264 0.0040440     N    0    0    0
   15.469   0.25782 0.0042971     N    0    0    0
   16.383   0.27306 0.0045509     N    0    0    0
   17.286   0.28810 0.0048017     N    0    0    0
   18.133   0.30222 0.0050370     N    0    0    0
   18.972   0.31620 0.0052701     N    0    0    0
   19.842   0.33069 0.0055116     N    0    0    0
   20.731   0.34551 0.0057585     N    0    0    0
   21.628   0.36046 0.0060077     N    0    0    0
   22.514   0.37523 0.0062539     N    0    0    0
   23.372   0.38954 0.0064923     N    0    0    0
   24.225   0.40375 0.0067292     N    0    0    0
   25.072   0.41787 0.0069645     N    0    0    0
   25.892   0.43153 0.0071921     N    0    0    0
   26.744   0.44574 0.0074290     N    0    0    0
   27.647   0.46079 0.0076798     N    0    0    0
   28.558   0.47597 0.0079329     N    0    0    0
   29.417   0.49028 0.0081713     N    0    0    0
   30.256   0.50426 0.0084043     N    0    0    0
   31.069   0.51782 0.0086304     N    0    0    0
   31.861   0.53102 0.0088503     N    0    0    0
   32.667   0.54444 0.0090741     N    0    0    0
   33.472   0.55787 0.0092978     N    0    0    0
   34.272   0.57120 0.0095201     N    0    0    0
   35.058   0.58431 0.0097384     N    0    0    0
   35.864   0.59773 0.0099622     N    0    0    0
   36.619   0.61032 0.0101721     N    0    0    0
   37.381   0.62301 0.0103835     N    0    0    0
   38.167   0.63611 0.0106019     N    0    0    0
   38.972   0.64954 0.0108256     N    0    0    0
   39.814   0.66356 0.0110594     N    0    0    0
   40.667   0.67778 0.0112963     N    0    0    0
   41.453   0.69088 0.0115147     N    0    0    0
   42.208   0.70347 0.0117245     N    0    0    0
   42.983   0.71639 0.0119398     N    0    0    0
   43.778   0.72963 0.0121605     N    0    0    0
   44.586   0.74310 0.0123850     N    0    0    0
   45.419   0.75699 0.0126165     N    0    0    0
   46.264   0.77106 0.0128511     N    0    0    0
   47.100   0.78500 0.0130833     N    0    0    0
   47.917   0.79861 0.0133102     N    0    0    0
   48.700   0.81167 0.0135278     N    0    0    0
   49.483   0.82472 0.0137454     N    0    0    0
   50.275   0.83792 0.0139653     N    0    0    0
   51.100   0.85167 0.0141944     N    0    0    0
   51.908   0.86514 0.0144190     N    0    0    0
   52.714   0.87856 0.0146427     N    0    0    0
   53.519   0.89199 0.0148665     N    0    0    0
   54.328   0.90546 0.0150910     N    0    0    0
   55.167   0.91944 0.0153241     N    0    0    0
   56.036   0.93394 0.0155656     N    0    0    0
   56.925   0.94875 0.0158125     N    0    0    0
   57.839   0.96398 0.0160664     N    0    0    0
   58.794   0.97991 0.0163318     N    0    0    0
   59.717   0.99528 0.0165880     N    0    0    0
   60.578   1.00963 0.0168272     N    0    0    0
   61.472   1.02454 0.0170756     N    0    0    0
   62.364   1.03940 0.0173233     N    0    0    0
   63.283   1.05472 0.0175787     N    0    0    0
   64.239   1.07065 0.0178441     N    0    0    0
   65.158   1.08597 0.0180995     N    0    0    0
   66.039   1.10065 0.0183441     N    0    0    0
   66.917   1.11528 0.0185880     N    0    0    0
   67.789   1.12981 0.0188302     N    0    0    0
   68.667   1.14444 0.0190741     N    0    0    0
   69.556   1.15926 0.0193210     N    0    0    0
   70.483   1.17472 0.0195787     N    0    0    0
   71.400   1.19000 0.0198333     N    0    0    0
   72.244   1.20407 0.0200679     N    0    0    0
   73.083   1.21806 0.0203009     N    0    0    0
   73.992   1.23319 0.0205532     N    0    0    0
   74.908   1.24847 0.0208079     N    0    0    0
   75.842   1.26403 0.0210671     N    0    0    0
   76.725   1.27875 0.0213125     N    0    0    0
   77.594   1.29324 0.0215540     N    0    0    0
   78.453   1.30755 0.0217924     N    0    0    0
   79.331   1.32218 0.0220363     N    0    0    0
   80.169   1.33616 0.0222693     N    0    0    0
   80.986   1.34977 0.0224961     N    0    0    0
   81.853   1.36421 0.0227369     N    0    0    0
   82.728   1.37880 0.0229799     N    0    0    0
   83.578   1.39296 0.0232160     N    0    0    0
   84.408   1.40681 0.0234468     N    0    0    0
   85.244   1.42074 0.0236790     N    0    0    0
   86.069   1.43449 0.0239082     N    0    0    0
   86.972   1.44954 0.0241590     N    0    0    0
   87.872   1.46454 0.0244090     N    0    0    0
   88.742   1.47903 0.0246505     N    0    0    0
   89.617   1.49361 0.0248935     N    0    0    0
   90.458   1.50764 0.0251273     N    0    0    0
   91.294   1.52157 0.0253596     N    0    0    0
   92.125   1.53542 0.0255903     N    0    0    0
   92.964   1.54940 0.0258233     N    0    0    0
   93.825   1.56375 0.0260625     N    0    0    0
   94.700   1.57833 0.0263056     N    0    0    0
   95.531   1.59218 0.0265363     N    0    0    0
   96.331   1.60551 0.0267585     N    0    0    0
   97.167   1.61944 0.0269907     N    0    0    0
   98.022   1.63370 0.0272284     N    0    0    0
   98.883   1.64806 0.0274676     N    0    0    0
   99.756   1.66259 0.0277099     N    0    0    0
  100.603   1.67671 0.0279452     N    0    0    0
  101.469   1.69116 0.0281860     N    0    0    0
  102.325   1.70542 0.0284236     N    0    0    0
  103.169   1.71949 0.0286582     N    0    0    0
  104.028   1.73380 0.0288966     N    0    0    0
  104.925   1.74875 0.0291458     N    0    0    0
  105.831   1.76384 0.0293974     N    0    0    0
  106.750   1.77917 0.0296528     N    0    0    0
  107.633   1.79389 0.0298981     N    0    0    0
  108.497   1.80829 0.0301381     N    0    0    0
  109.378   1.82296 0.0303827     N    0    0    0
  110.256   1.83759 0.0306265     N    0    0    0
  111.147   1.85245 0.0308742     N    0    0    0
  112.056   1.86759 0.0311265     N    0    0    0
  112.786   1.87977 0.0313295     ~    1    0    0
  112.967   1.88278 0.0313796     N    0    0    0
  113.567   1.89278 0.0315463     |    1    0    0
  113.822   1.89704 0.0316173     N    0    0    0
  114.625   1.91042 0.0318403     N    0    0    0
  115.397   1.92329 0.0320548     N    0    0    0
  116.192   1.93653 0.0322755     N    0    0    0
  116.472   1.94120 0.0323534     ~    0    0    0
  117.017   1.95028 0.0325046     N    0    0    0
  117.836   1.96394 0.0327323     N    0    0    0
  118.650   1.97750 0.0329583     N    0    0    0
  119.417   1.99028 0.0331713     N    0    0    0
  120.189   2.00315 0.0333858     N    0    0    0
  120.961   2.01602 0.0336003     N    0    0    0
  121.711   2.02852 0.0338086     N    0    0    0
  122.486   2.04144 0.0340239     N    0    0    0
  123.297   2.05495 0.0342492     N    0    0    0
  124.100   2.06833 0.0344722     N    0    0    0
  124.936   2.08227 0.0347045     N    0    0    0
  125.750   2.09583 0.0349306     N    0    0    0
  126.536   2.10894 0.0351489     N    0    0    0
  127.331   2.12218 0.0353696     N    0    0    0
  128.161   2.13602 0.0356003     N    0    0    0
  129.000   2.15000 0.0358333     N    0    0    0
  129.861   2.16435 0.0360725     N    0    0    0
  130.722   2.17870 0.0363117     N    0    0    0
  131.553   2.19255 0.0365424     N    0    0    0
  132.375   2.20625 0.0367708     N    0    0    0
  133.178   2.21963 0.0369938     N    0    0    0
  133.967   2.23278 0.0372130     N    0    0    0
  134.769   2.24616 0.0374360     N    0    0    0
  135.614   2.26023 0.0376705     N    0    0    0
  136.458   2.27431 0.0379051     N    0    0    0
  137.283   2.28806 0.0381343     N    0    0    0
  138.053   2.30088 0.0383480     N    0    0    0
  138.828   2.31380 0.0385633     N    0    0    0
  139.578   2.32630 0.0387716     N    0    0    0
  140.353   2.33921 0.0389869     N    0    0    0
  141.156   2.35259 0.0392099     N    0    0    0
  141.983   2.36639 0.0394398     N    0    0    0
  142.778   2.37963 0.0396605     N    0    0    0
  143.575   2.39292 0.0398819     N    0    0    0
  144.347   2.40579 0.0400965     N    0    0    0
  145.108   2.41847 0.0403079     N    0    0    0
  145.867   2.43111 0.0405185     N    0    0    0
  146.650   2.44417 0.0407361     N    0    0    0
  147.464   2.45773 0.0409622     N    0    0    0
  148.281   2.47134 0.0411890     N    0    0    0
  149.075   2.48458 0.0414097     N    0    0    0
  149.853   2.49755 0.0416258     N    0    0    0
  150.614   2.51023 0.0418372     N    0    0    0
  151.436   2.52394 0.0420656     N    0    0    0
  152.261   2.53769 0.0422948     N    0    0    0
  153.075   2.55125 0.0425208     N    0    0    0
  153.903   2.56505 0.0427508     N    0    0    0
  154.750   2.57917 0.0429861     N    0    0    0
  155.586   2.59310 0.0432184     N    0    0    0
  156.408   2.60681 0.0434468     N    0    0    0
  157.242   2.62069 0.0436782     N    0    0    0
  158.106   2.63509 0.0439182     N    0    0    0
  159.033   2.65056 0.0441759     N    0    0    0
  159.978   2.66630 0.0444383     N    0    0    0
  160.911   2.68185 0.0446975     N    0    0    0
  161.792   2.69653 0.0449421     N    0    0    0
  162.617   2.71028 0.0451713     N    0    0    0
  163.458   2.72431 0.0454051     N    0    0    0
  164.350   2.73917 0.0456528     N    0    0    0
  165.250   2.75417 0.0459028     N    0    0    0
  166.172   2.76954 0.0461590     N    0    0    0
  167.100   2.78500 0.0464167     N    0    0    0
  167.992   2.79986 0.0466644     N    0    0    0
  168.844   2.81407 0.0469012     N    0    0    0
  169.692   2.82819 0.0471366     N    0    0    0
  170.542   2.84236 0.0473727     N    0    0    0
  171.464   2.85773 0.0476289     N    0    0    0
  172.383   2.87306 0.0478843     N    0    0    0
  173.219   2.88699 0.0481165     N    0    0    0
  174.089   2.90148 0.0483580     N    0    0    0
  174.983   2.91639 0.0486065     N    0    0    0
  175.267   2.92111 0.0486852     |    3    0    0
  175.875   2.93125 0.0488542     N    0    0    0
  176.150   2.93583 0.0489306     |    3    0    0
  176.753   2.94588 0.0490980     N    0    0    0
  177.686   2.96144 0.0493573     N    0    0    0
  178.589   2.97648 0.0496080     N    0    0    0
  179.519   2.99199 0.0498665     N    0    0    0
  180.358   3.00597 0.0500995     N    0    0    0
  181.236   3.02060 0.0503434     N    0    0    0
  182.156   3.03593 0.0505988     N    0    0    0
  183.072   3.05120 0.0508534     N    0    0    0
  183.958   3.06597 0.0510995     N    0    0    0
  184.900   3.08167 0.0513611     N    0    0    0
  185.806   3.09676 0.0516127     N    0    0    0
  186.661   3.11102 0.0518503     N    0    0    0
  187.528   3.12546 0.0520910     N    0    0    0
  188.422   3.14037 0.0523395     N    0    0    0
  189.344   3.15574 0.0525957     N    0    0    0
  190.292   3.17153 0.0528588     N    0    0    0
  191.194   3.18657 0.0531096     N    0    0    0
  192.044   3.20074 0.0533457     N    0    0    0
  192.906   3.21509 0.0535849     N    0    0    0
  193.769   3.22949 0.0538248     N    0    0    0
  194.672   3.24454 0.0540756     N    0    0    0
  195.603   3.26005 0.0543341     N    0    0    0
  196.533   3.27556 0.0545926     N    0    0    0
  197.467   3.29111 0.0548519     N    0    0    0
  198.333   3.30556 0.0550926     N    0    0    0
  199.194   3.31991 0.0553318     N    0    0    0
  200.058   3.33431 0.0555718     N    0    0    0
  200.972   3.34954 0.0558256     N    0    0    0
  201.889   3.36481 0.0560802     N    0    0    0
  202.783   3.37972 0.0563287     N    0    0    0
  203.631   3.39384 0.0565640     N    0    0    0
  204.444   3.40741 0.0567901     N    0    0    0
  205.311   3.42185 0.0570309     N    0    0    0
  206.192   3.43653 0.0572755     N    0    0    0
  207.100   3.45167 0.0575278     N    0    0    0
  208.044   3.46741 0.0577901     N    0    0    0
  208.925   3.48208 0.0580347     N    0    0    0
  209.825   3.49708 0.0582847     N    0    0    0
  210.706   3.51176 0.0585293     N    0    0    0
  211.575   3.52625 0.0587708     N    0    0    0
  212.481   3.54134 0.0590224     N    0    0    0
  213.419   3.55699 0.0592832     N    0    0    0
  214.336   3.57227 0.0595378     N    0    0    0
  215.272   3.58787 0.0597978     N    0    0    0
  216.186   3.60310 0.0600517     N    0    0    0
  217.075   3.61792 0.0602986     N    0    0    0
  217.983   3.63306 0.0605509     N    0    0    0
  218.931   3.64884 0.0608140     N    0    0    0
  219.886   3.66477 0.0610795     N    0    0    0
  220.878   3.68130 0.0613549     N    0    0    0
  221.814   3.69690 0.0616150     N    0    0    0
  222.669   3.71116 0.0618526     N    0    0    0
  223.511   3.72519 0.0620864     N    0    0    0
  224.369   3.73949 0.0623248     N    0    0    0
  225.297   3.75495 0.0625826     N    0    0    0
  226.256   3.77093 0.0628488     N    0    0    0
  227.194   3.78657 0.0631096     N    0    0    0
  228.092   3.80153 0.0633588     N    0    0    0
  229.008   3.81681 0.0636134     N    0    0    0
  229.925   3.83208 0.0638681     N    0    0    0
  230.853   3.84755 0.0641258     N    0    0    0
  231.758   3.86264 0.0643773     N    0    0    0
  232.714   3.87856 0.0646427     N    0    0    0
  233.661   3.89435 0.0649059     N    0    0    0
  234.519   3.90866 0.0651443     N    0    0    0
  235.375   3.92292 0.0653819     N    0    0    0
  236.311   3.93852 0.0656420     N    0    0    0
  237.272   3.95454 0.0659090     N    0    0    0
  238.200   3.97000 0.0661667     N    0    0    0
  239.078   3.98463 0.0664105     N    0    0    0
  239.922   3.99870 0.0666451     N    0    0    0
  240.786   4.01310 0.0668850     N    0    0    0
  241.644   4.02741 0.0671235     N    0    0    0
  242.514   4.04190 0.0673650     N    0    0    0
  243.483   4.05806 0.0676343     N    0    0    0
  244.444   4.07407 0.0679012     N    0    0    0
  245.383   4.08972 0.0681620     N    0    0    0
  246.297   4.10495 0.0684159     N    0    0    0
  247.219   4.12032 0.0686721     N    0    0    0
  248.181   4.13634 0.0689390     N    0    0    0
  249.164   4.15273 0.0692122     N    0    0    0
  250.167   4.16944 0.0694907     N    0    0    0
  251.108   4.18514 0.0697523     N    0    0    0
  252.047   4.20079 0.0700131     N    0    0    0
  252.969   4.21616 0.0702693     N    0    0    0
  253.881   4.23134 0.0705224     N    0    0    0
  254.842   4.24736 0.0707894     N    0    0    0
  255.817   4.26361 0.0710602     N    0    0    0
  256.800   4.28000 0.0713333     N    0    0    0
  257.753   4.29588 0.0715980     N    0    0    0
  258.697   4.31162 0.0718603     N    0    0    0
  259.642   4.32736 0.0721227     N    0    0    0
  260.603   4.34338 0.0723897     N    0    0    0
  261.547   4.35912 0.0726520     N    0    0    0
  262.547   4.37579 0.0729298     N    0    0    0
  263.525   4.39208 0.0732014     N    0    0    0
  264.442   4.40736 0.0734560     N    0    0    0
  265.356   4.42259 0.0737099     N    0    0    0
  266.289   4.43815 0.0739691     N    0    0    0
  267.297   4.45495 0.0742492     N    0    0    0
  268.303   4.47171 0.0745285     N    0    0    0
  269.281   4.48801 0.0748002     N    0    0    0
  270.233   4.50389 0.0750648     N    0    0    0
  271.144   4.51907 0.0753179     N    0    0    0
  272.083   4.53472 0.0755787     N    0    0    0
  273.028   4.55046 0.0758410     N    0    0    0
  274.019   4.56699 0.0761165     N    0    0    0
  275.033   4.58389 0.0763981     N    0    0    0
  275.994   4.59991 0.0766651     N    0    0    0
  276.922   4.61537 0.0769228     N    0    0    0
  277.822   4.63037 0.0771728     N    0    0    0
  278.781   4.64634 0.0774390     N    0    0    0
  279.783   4.66306 0.0777176     N    0    0    0
  280.794   4.67991 0.0779985     N    0    0    0
  281.739   4.69565 0.0782608     N    0    0    0
  282.697   4.71162 0.0785270     N    0    0    0
  283.647   4.72745 0.0787909     N    0    0    0
  284.600   4.74333 0.0790556     N    0    0    0
  285.625   4.76042 0.0793403     N    0    0    0
  286.658   4.77764 0.0796273     N    0    0    0
  287.653   4.79421 0.0799035     N    0    0    0
  288.558   4.80931 0.0801551     N    0    0    0
  289.472   4.82454 0.0804090     N    0    0    0
  290.411   4.84019 0.0806698     N    0    0    0
  291.342   4.85569 0.0809282     N    0    0    0
  292.219   4.87032 0.0811721     N    0    0    0
  293.144   4.88574 0.0814290     N    0    0    0
  294.033   4.90056 0.0816759     N    0    0    0
  294.950   4.91583 0.0819306     N    0    0    0
  295.847   4.93079 0.0821798     N    0    0    0
  296.783   4.94639 0.0824398     N    0    0    0
  297.800   4.96333 0.0827222     N    0    0    0
  298.797   4.97995 0.0829992     N    0    0    0
  299.772   4.99620 0.0832701     N    0    0    0
  300.703   5.01171 0.0835285     N    0    0    0
  301.594   5.02657 0.0837762     N    0    0    0
  302.550   5.04250 0.0840417     N    0    0    0
  303.539   5.05898 0.0843164     N    0    0    0
  304.539   5.07565 0.0845941     N    0    0    0
  305.550   5.09250 0.0848750     N    0    0    0
  306.517   5.10861 0.0851435     N    0    0    0
  307.475   5.12458 0.0854097     N    0    0    0
  308.464   5.14106 0.0856844     N    0    0    0
  309.472   5.15787 0.0859645     N    0    0    0
  310.531   5.17551 0.0862585     N    0    0    0
  311.569   5.19282 0.0865471     N    0    0    0
  312.561   5.20935 0.0868225     N    0    0    0
  313.556   5.22593 0.0870988     N    0    0    0
  314.569   5.24282 0.0873804     N    0    0    0
  315.597   5.25995 0.0876659     N    0    0    0
  316.625   5.27708 0.0879514     N    0    0    0
  317.650   5.29417 0.0882361     N    0    0    0
  318.558   5.30931 0.0884884     |    3    0    0
  318.625   5.31042 0.0885069     Q    0    0    0
  319.617   5.32694 0.0887824     N    0    0    0
  319.789   5.32981 0.0888302     ~   -1    0    0
  320.772   5.34620 0.0891034     ~    0    0    0
  321.506   5.35843 0.0893071     N    0    0    0
  322.475   5.37458 0.0895764     N    0    0    0
  323.433   5.39056 0.0898426     N    0    0    0
  324.358   5.40597 0.0900995     N    0    0    0
  325.272   5.42120 0.0903534     N    0    0    0
  326.203   5.43671 0.0906119     N    0    0    0
  327.164   5.45273 0.0908789     N    0    0    0
  328.178   5.46963 0.0911605     N    0    0    0
  329.200   5.48667 0.0914444     N    0    0    0
  330.147   5.50245 0.0917076     N    0    0    0
  331.047   5.51745 0.0919576     N    0    0    0
  331.978   5.53296 0.0922160     N    0    0    0
  332.903   5.54838 0.0924730     N    0    0    0
  333.808   5.56347 0.0927245     N    0    0    0
  334.728   5.57880 0.0929799     N    0    0    0
  335.619   5.59366 0.0932276     N    0    0    0
  336.522   5.60870 0.0934784     N    0    0    0
  337.383   5.62306 0.0937176     N    0    0    0
  338.222   5.63704 0.0939506     N    0    0    0
  339.142   5.65236 0.0942060     N    0    0    0
  340.128   5.66880 0.0944799     N    0    0    0
  341.117   5.68528 0.0947546     N    0    0    0
  342.069   5.70116 0.0950193     N    0    0    0
  342.986   5.71644 0.0952739     N    0    0    0
  343.953   5.73255 0.0955424     N    0    0    0
  344.942   5.74903 0.0958171     N    0    0    0
  345.933   5.76556 0.0960926     N    0    0    0
  346.925   5.78208 0.0963681     N    0    0    0
  347.869   5.79782 0.0966304     N    0    0    0
  348.786   5.81310 0.0968850     N    0    0    0
  349.692   5.82819 0.0971366     N    0    0    0
  350.631   5.84384 0.0973974     N    0    0    0
  351.644   5.86074 0.0976790     N    0    0    0
  352.647   5.87745 0.0979576     N    0    0    0
  353.606   5.89343 0.0982238     N    0    0    0
  354.544   5.90907 0.0984846     N    0    0    0
  355.467   5.92444 0.0987407     N    0    0    0
  356.361   5.93935 0.0989892     N    0    0    0
  357.308   5.95514 0.0992523     N    0    0    0
  358.292   5.97153 0.0995255     N    0    0    0
  359.311   5.98852 0.0998086     N    0    0    0
  360.261   6.00435 0.1000725     N    0    0    0
  361.131   6.01884 0.1003140     N    0    0    0
  362.036   6.03394 0.1005656     N    0    0    0
  362.914   6.04856 0.1008094     N    0    0    0
  363.858   6.06431 0.1010718     N    0    0    0
  364.775   6.07958 0.1013264     N    0    0    0
  365.686   6.09477 0.1015795     N    0    0    0
  366.547   6.10912 0.1018187     N    0    0    0
  367.406   6.12343 0.1020571     N    0    0    0
  368.267   6.13778 0.1022963     N    0    0    0
  369.197   6.15329 0.1025548     N    0    0    0
  370.203   6.17005 0.1028341     N    0    0    0
  371.247   6.18745 0.1031242     N    0    0    0
  372.272   6.20454 0.1034090     N    0    0    0
  373.236   6.22060 0.1036767     N    0    0    0
  374.225   6.23708 0.1039514     N    0    0    0
  375.292   6.25486 0.1042477     N    0    0    0
  375.831   6.26384 0.1043974     A    0    0    0
  377.014   6.28356 0.1047261     N    0    0    0
  378.019   6.30032 0.1050054     N    0    0    0
  378.983   6.31639 0.1052731     N    0    0    0
  379.958   6.33264 0.1055440     N    0    0    0
  380.936   6.34894 0.1058156     N    0    0    0
  381.964   6.36606 0.1061011     N    0    0    0
  383.019   6.38366 0.1063943     N    0    0    0
  383.978   6.39963 0.1066605     N    0    0    0
  384.947   6.41579 0.1069298     N    0    0    0
  385.928   6.43213 0.1072022     N    0    0    0
  386.972   6.44954 0.1074923     N    0    0    0
  388.025   6.46708 0.1077847     N    0    0    0
  389.064   6.48440 0.1080733     N    0    0    0
  390.092   6.50153 0.1083588     N    0    0    0
  391.042   6.51736 0.1086227     N    0    0    0
  392.017   6.53361 0.1088935     N    0    0    0
  393.039   6.55065 0.1091775     N    0    0    0
  394.092   6.56819 0.1094699     N    0    0    0
  395.142   6.58569 0.1097616     N    0    0    0
  396.139   6.60231 0.1100386     N    0    0    0
  397.078   6.61796 0.1102994     N    0    0    0
  398.075   6.63458 0.1105764     N    0    0    0
  399.111   6.65185 0.1108642     N    0    0    0
  400.167   6.66944 0.1111574     N    0    0    0
  401.222   6.68704 0.1114506     N    0    0    0
  402.244   6.70407 0.1117346     N    0    0    0
  403.211   6.72019 0.1120031     N    0    0    0
  404.186   6.73644 0.1122739     N    0    0    0
  405.217   6.75361 0.1125602     N    0    0    0
  406.247   6.77079 0.1128465     N    0    0    0
  407.233   6.78722 0.1131204     N    0    0    0
  408.225   6.80375 0.1133958     N    0    0    0
  409.208   6.82014 0.1136690     N    0    0    0
  410.197   6.83662 0.1139437     N    0    0    0
  411.253   6.85421 0.1142369     N    0    0    0
  412.319   6.87199 0.1145332     N    0    0    0
  413.364   6.88940 0.1148233     N    0    0    0
  414.350   6.90583 0.1150972     N    0    0    0
  415.336   6.92227 0.1153711     N    0    0    0
  416.336   6.93894 0.1156489     N    0    0    0
  417.386   6.95644 0.1159406     N    0    0    0
  418.469   6.97449 0.1162415     N    0    0    0
  419.478   6.99130 0.1165216     N    0    0    0
  420.464   7.00773 0.1167955     N    0    0    0
  421.469   7.02449 0.1170748     N    0    0    0
  422.478   7.04130 0.1173549     N    0    0    0
  423.528   7.05880 0.1176466     N    0    0    0
  424.614   7.07690 0.1179483     N    0    0    0
  425.675   7.09458 0.1182431     N    0    0    0
  426.661   7.11102 0.1185170     N    0    0    0
  427.667   7.12778 0.1187963     N    0    0    0
  428.733   7.14556 0.1190926     N    0    0    0
  429.783   7.16306 0.1193843     N    0    0    0
  430.836   7.18060 0.1196767     N    0    0    0
  431.881   7.19801 0.1199668     N    0    0    0
  432.881   7.21468 0.1202446     N    0    0    0
  433.853   7.23088 0.1205147     N    0    0    0
  434.875   7.24792 0.1207986     N    0    0    0
  435.956   7.26593 0.1210988     N    0    0    0
  437.008   7.28347 0.1213912     N    0    0    0
  437.978   7.29963 0.1216605     N    0    0    0
  438.967   7.31611 0.1219352     N    0    0    0
  439.958   7.33264 0.1222106     N    0    0    0
  440.986   7.34977 0.1224961     N    0    0    0
  441.994   7.36657 0.1227762     N    0    0    0
  443.025   7.38375 0.1230625     N    0    0    0
  444.072   7.40120 0.1233534     N    0    0    0
  445.044   7.41741 0.1236235     N    0    0    0
  446.036   7.43394 0.1238989     N    0    0    0
  447.086   7.45144 0.1241906     N    0    0    0
  448.150   7.46917 0.1244861     N    0    0    0
  449.214   7.48690 0.1247816     N    0    0    0
  450.242   7.50403 0.1250671     N    0    0    0
  451.264   7.52106 0.1253511     N    0    0    0
  452.275   7.53792 0.1256319     N    0    0    0
  453.344   7.55574 0.1259290     N    0    0    0
  454.431   7.57384 0.1262307     N    0    0    0
  455.478   7.59130 0.1265216     N    0    0    0
  456.481   7.60801 0.1268002     N    0    0    0
  457.478   7.62463 0.1270772     N    0    0    0
  458.481   7.64134 0.1273557     N    0    0    0
  459.558   7.65931 0.1276551     N    0    0    0
  460.644   7.67741 0.1279568     N    0    0    0
  461.675   7.69458 0.1282431     N    0    0    0
  462.661   7.71102 0.1285170     N    0    0    0
  463.667   7.72778 0.1287963     N    0    0    0
  464.703   7.74505 0.1290841     N    0    0    0
  465.706   7.76176 0.1293627     N    0    0    0
  466.750   7.77917 0.1296528     N    0    0    0
  467.747   7.79579 0.1299298     N    0    0    0
  468.689   7.81148 0.1301914     N    0    0    0
  469.592   7.82653 0.1304421     N    0    0    0
  470.531   7.84218 0.1307029     N    0    0    0
  471.567   7.85944 0.1309907     N    0    0    0
  472.578   7.87630 0.1312716     N    0    0    0
  473.558   7.89264 0.1315440     N    0    0    0
  474.567   7.90944 0.1318241     N    0    0    0
  475.533   7.92556 0.1320926     N    0    0    0
  476.494   7.94157 0.1323596     N    0    0    0
  477.506   7.95843 0.1326404     N    0    0    0
  478.533   7.97556 0.1329259     N    0    0    0
  479.569   7.99282 0.1332137     N    0    0    0
  480.531   8.00884 0.1334807     N    0    0    0
  481.469   8.02449 0.1337415     N    0    0    0
  482.500   8.04167 0.1340278     N    0    0    0
  483.575   8.05958 0.1343264     N    0    0    0
  484.597   8.07662 0.1346103     N    0    0    0
  485.647   8.09412 0.1349020     N    0    0    0
  486.644   8.11074 0.1351790     N    0    0    0
  487.625   8.12708 0.1354514     N    0    0    0
  488.650   8.14417 0.1357361     N    0    0    0
  489.683   8.16139 0.1360231     N    0    0    0
  490.733   8.17889 0.1363148     N    0    0    0
  491.756   8.19593 0.1365988     N    0    0    0
  492.717   8.21194 0.1368657     N    0    0    0
  493.603   8.22671 0.1371119     N    0    0    0
  494.528   8.24213 0.1373688     N    0    0    0
  495.522   8.25870 0.1376451     N    0    0    0
  496.533   8.27556 0.1379259     N    0    0    0
  497.583   8.29306 0.1382176     N    0    0    0
  498.583   8.30972 0.1384954     N    0    0    0
  499.544   8.32574 0.1387623     N    0    0    0
  500.594   8.34324 0.1390540     N    0    0    0
  501.658   8.36097 0.1393495     N    0    0    0
  502.708   8.37847 0.1396412     N    0    0    0
  503.728   8.39546 0.1399244     N    0    0    0
  504.697   8.41162 0.1401937     N    0    0    0
  505.672   8.42787 0.1404645     N    0    0    0
  506.631   8.44384 0.1407307     N    0    0    0
  507.592   8.45986 0.1409977     N    0    0    0
  508.539   8.47565 0.1412608     N    0    0    0
  509.514   8.49190 0.1415316     N    0    0    0
  510.464   8.50773 0.1417955     N    0    0    0
  511.403   8.52338 0.1420563     N    0    0    0
  512.356   8.53926 0.1423210     N    0    0    0
  513.350   8.55583 0.1425972     N    0    0    0
  514.325   8.57208 0.1428681     N    0    0    0
  515.261   8.58769 0.1431281     N    0    0    0
  516.172   8.60287 0.1433812     N    0    0    0
  517.092   8.61819 0.1436366     N    0    0    0
  518.028   8.63380 0.1438966     N    0    0    0
  519.017   8.65028 0.1441713     N    0    0    0
  520.017   8.66694 0.1444491     N    0    0    0
  521.028   8.68380 0.1447299     N    0    0    0
  521.931   8.69884 0.1449807     N    0    0    0
  522.800   8.71333 0.1452222     N    0    0    0
  523.694   8.72824 0.1454707     N    0    0    0
  524.611   8.74352 0.1457253     N    0    0    0
  525.586   8.75977 0.1459961     N    0    0    0
  526.558   8.77597 0.1462662     N    0    0    0
  527.500   8.79167 0.1465278     N    0    0    0
  528.433   8.80722 0.1467870     N    0    0    0
  529.342   8.82236 0.1470394     N    0    0    0
  530.228   8.83713 0.1472855     N    0    0    0
  531.183   8.85306 0.1475509     N    0    0    0
  532.167   8.86944 0.1478241     N    0    0    0
  533.156   8.88593 0.1480988     N    0    0    0
  534.064   8.90106 0.1483511     N    0    0    0
  534.961   8.91602 0.1486003     N    0    0    0
  535.883   8.93139 0.1488565     N    0    0    0
  536.825   8.94708 0.1491181     N    0    0    0
  537.792   8.96319 0.1493866     N    0    0    0
  538.747   8.97912 0.1496520     N    0    0    0
  539.681   8.99468 0.1499113     N    0    0    0
  540.617   9.01028 0.1501713     N    0    0    0
  541.536   9.02560 0.1504267     N    0    0    0
  542.458   9.04097 0.1506829     N    0    0    0
  543.433   9.05722 0.1509537     N    0    0    0
  544.456   9.07426 0.1512377     N    0    0    0
  545.458   9.09097 0.1515162     N    0    0    0
  546.394   9.10657 0.1517762     N    0    0    0
  547.347   9.12245 0.1520409     N    0    0    0
  548.308   9.13847 0.1523079     N    0    0    0
  549.261   9.15435 0.1525725     N    0    0    0
  550.231   9.17051 0.1528418     N    0    0    0
  551.203   9.18671 0.1531119     N    0    0    0
  552.167   9.20278 0.1533796     N    0    0    0
  553.103   9.21838 0.1536397     N    0    0    0
  554.047   9.23412 0.1539020     N    0    0    0
  555.028   9.25046 0.1541744     N    0    0    0
  556.022   9.26704 0.1544506     N    0    0    0
  557.011   9.28352 0.1547253     N    0    0    0
  557.972   9.29954 0.1549923     N    0    0    0
  558.925   9.31542 0.1552569     N    0    0    0
  559.861   9.33102 0.1555170     N    0    0    0
  560.819   9.34699 0.1557832     N    0    0    0
  561.783   9.36306 0.1560509     N    0    0    0
  562.772   9.37954 0.1563256     N    0    0    0
  563.778   9.39630 0.1566049     N    0    0    0
  564.747   9.41245 0.1568742     N    0    0    0
  565.689   9.42815 0.1571358     N    0    0    0
  566.658   9.44431 0.1574051     N    0    0    0
  567.622   9.46037 0.1576728     N    0    0    0
  568.581   9.47634 0.1579390     N    0    0    0
  569.536   9.49227 0.1582045     N    0    0    0
  570.458   9.50764 0.1584606     N    0    0    0
  571.381   9.52301 0.1587168     N    0    0    0
  572.353   9.53921 0.1589869     N    0    0    0
  573.386   9.55644 0.1592739     N    0    0    0
  574.403   9.57338 0.1595563     N    0    0    0
  575.444   9.59074 0.1598457     N    0    0    0
  576.444   9.60741 0.1601235     N    0    0    0
  577.442   9.62403 0.1604005     N    0    0    0
  578.431   9.64051 0.1606752     N    0    0    0
  579.508   9.65847 0.1609745     N    0    0    0
  580.597   9.67662 0.1612770     N    0    0    0
  581.603   9.69338 0.1615563     N    0    0    0
  582.628   9.71046 0.1618410     N    0    0    0
  583.636   9.72727 0.1621211     N    0    0    0
  584.647   9.74412 0.1624020     N    0    0    0
  585.689   9.76148 0.1626914     N    0    0    0
  586.775   9.77958 0.1629931     N    0    0    0
  587.836   9.79727 0.1632878     N    0    0    0
  588.822   9.81370 0.1635617     N    0    0    0
  589.864   9.83106 0.1638511     N    0    0    0
  590.906   9.84843 0.1641404     N    0    0    0
  591.931   9.86551 0.1644252     N    0    0    0
  592.950   9.88250 0.1647083     N    0    0    0
  593.925   9.89875 0.1649792     N    0    0    0
  594.867   9.91444 0.1652407     N    0    0    0
  595.822   9.93037 0.1655062     N    0    0    0
  596.797   9.94662 0.1657770     N    0    0    0
  597.872   9.96454 0.1660756     N    0    0    0
  598.797   9.97995 0.1663326     A    0    0    0
  599.947   9.99912 0.1666520     N    0    0    0
  600.936  10.01560 0.1669267     N    0    0    0
  601.914  10.03190 0.1671983     N    0    0    0
  602.883  10.04806 0.1674676     N    0    0    0
  603.858  10.06431 0.1677384     N    0    0    0
  604.775  10.07958 0.1679931     N    0    0    0
  605.722  10.09537 0.1682562     N    0    0    0
  606.642  10.11069 0.1685116     N    0    0    0
  607.533  10.12556 0.1687593     N    0    0    0
  608.517  10.14194 0.1690324     N    0    0    0
  609.561  10.15935 0.1693225     N    0    0    0
  610.608  10.17681 0.1696134     N    0    0    0
  611.619  10.19366 0.1698943     N    0    0    0
  612.636  10.21060 0.1701767     N    0    0    0
  613.656  10.22759 0.1704599     N    0    0    0
  614.669  10.24449 0.1707415     N    0    0    0
  615.744  10.26241 0.1710401     N    0    0    0
  616.772  10.27954 0.1713256     N    0    0    0
  617.744  10.29574 0.1715957     N    0    0    0
  618.692  10.31153 0.1718588     N    0    0    0
  619.622  10.32704 0.1721173     N    0    0    0
  620.603  10.34338 0.1723897     N    0    0    0
  621.617  10.36028 0.1726713     N    0    0    0
  622.600  10.37667 0.1729444     N    0    0    0
  623.569  10.39282 0.1732137     N    0    0    0
  624.517  10.40861 0.1734769     N    0    0    0
  625.475  10.42458 0.1737431     N    0    0    0
  626.431  10.44051 0.1740085     N    0    0    0
  627.469  10.45782 0.1742971     N    0    0    0
  628.517  10.47528 0.1745880     N    0    0    0
  629.539  10.49231 0.1748719     N    0    0    0
  630.544  10.50907 0.1751512     N    0    0    0
  631.528  10.52546 0.1754244     N    0    0    0
  632.511  10.54185 0.1756975     N    0    0    0
  633.572  10.55954 0.1759923     N    0    0    0
  634.628  10.57713 0.1762855     N    0    0    0
  635.628  10.59380 0.1765633     N    0    0    0
  636.642  10.61069 0.1768449     N    0    0    0
  637.639  10.62731 0.1771219     N    0    0    0
  638.611  10.64352 0.1773920     N    0    0    0
  639.644  10.66074 0.1776790     N    0    0    0
  640.722  10.67870 0.1779784     N    0    0    0
  641.756  10.69593 0.1782654     N    0    0    0
  642.703  10.71171 0.1785285     N    0    0    0
  643.706  10.72843 0.1788071     N    0    0    0
  644.733  10.74556 0.1790926     N    0    0    0
  645.767  10.76278 0.1793796     N    0    0    0
  646.814  10.78023 0.1796705     N    0    0    0
  647.856  10.79759 0.1799599     N    0    0    0
  648.869  10.81449 0.1802415     N    0    0    0
  649.831  10.83051 0.1805085     N    0    0    0
  650.858  10.84764 0.1807940     N    0    0    0
  651.958  10.86597 0.1810995     N    0    0    0
  653.011  10.88352 0.1813920     N    0    0    0
  654.033  10.90056 0.1816759     N    0    0    0
  655.033  10.91722 0.1819537     N    0    0    0
  656.039  10.93398 0.1822330     N    0    0    0
  657.064  10.95106 0.1825177     N    0    0    0
  658.156  10.96926 0.1828210     N    0    0    0
  659.236  10.98727 0.1831211     N    0    0    0
  660.222  11.00370 0.1833951     N    0    0    0
  661.186  11.01977 0.1836628     N    0    0    0
  662.172  11.03620 0.1839367     N    0    0    0
  663.150  11.05250 0.1842083     N    0    0    0
  664.189  11.06981 0.1844969     N    0    0    0
  665.228  11.08713 0.1847855     N    0    0    0
  666.192  11.10319 0.1850532     N    0    0    0
  667.156  11.11926 0.1853210     N    0    0    0
  668.156  11.13593 0.1855988     N    0    0    0
  669.178  11.15296 0.1858827     N    0    0    0
  670.225  11.17042 0.1861736     N    0    0    0
  671.286  11.18810 0.1864684     N    0    0    0
  672.319  11.20532 0.1867554     N    0    0    0
  673.292  11.22153 0.1870255     N    0    0    0
  674.308  11.23847 0.1873079     N    0    0    0
  675.386  11.25644 0.1876073     N    0    0    0
  676.464  11.27440 0.1879066     N    0    0    0
  677.506  11.29176 0.1881960     N    0    0    0
  678.522  11.30870 0.1884784     N    0    0    0
  679.553  11.32588 0.1887647     N    0    0    0
  680.539  11.34231 0.1890386     N    0    0    0
  681.594  11.35991 0.1893318     N    0    0    0
  682.692  11.37819 0.1896366     N    0    0    0
  683.719  11.39532 0.1899221     N    0    0    0
  684.689  11.41148 0.1901914     N    0    0    0
  685.678  11.42796 0.1904660     N    0    0    0
  686.733  11.44556 0.1907593     N    0    0    0
  687.772  11.46287 0.1910478     N    0    0    0
  688.819  11.48032 0.1913387     N    0    0    0
  689.864  11.49773 0.1916289     N    0    0    0
  690.853  11.51421 0.1919035     N    0    0    0
  691.792  11.52986 0.1921644     N    0    0    0
  692.794  11.54657 0.1924429     N    0    0    0
  693.839  11.56398 0.1927330     N    0    0    0
  694.847  11.58079 0.1930131     N    0    0    0
  695.853  11.59755 0.1932924     N    0    0    0
  696.811  11.61352 0.1935586     N    0    0    0
  697.786  11.62977 0.1938295     N    0    0    0
  698.750  11.64583 0.1940972     N    0    0    0
  699.775  11.66292 0.1943819     N    0    0    0
  700.831  11.68051 0.1946752     N    0    0    0
  701.833  11.69722 0.1949537     N    0    0    0
  702.828  11.71380 0.1952299     N    0    0    0
  703.817  11.73028 0.1955046     N    0    0    0
  704.844  11.74741 0.1957901     N    0    0    0
  705.897  11.76495 0.1960826     N    0    0    0
  706.947  11.78245 0.1963742     N    0    0    0
  707.981  11.79968 0.1966613     N    0    0    0
  708.944  11.81574 0.1969290     N    0    0    0
  709.961  11.83269 0.1972114     N    0    0    0
  711.006  11.85009 0.1975015     N    0    0    0
  712.061  11.86769 0.1977948     N    0    0    0
  713.144  11.88574 0.1980957     N    0    0    0
  714.192  11.90319 0.1983866     N    0    0    0
  715.161  11.91935 0.1986559     N    0    0    0
  716.175  11.93625 0.1989375     N    0    0    0
  717.242  11.95403 0.1992338     N    0    0    0
  718.292  11.97153 0.1995255     N    0    0    0
  719.328  11.98880 0.1998133     N    0    0    0
  720.347  12.00579 0.2000965     N    0    0    0
  721.339  12.02231 0.2003719     N    0    0    0
  722.283  12.03806 0.2006343     N    0    0    0
  723.267  12.05444 0.2009074     N    0    0    0
  724.311  12.07185 0.2011975     N    0    0    0
  725.350  12.08917 0.2014861     N    0    0    0
  726.328  12.10546 0.2017577     N    0    0    0
  727.297  12.12162 0.2020270     N    0    0    0
  728.294  12.13824 0.2023040     N    0    0    0
  729.303  12.15505 0.2025841     N    0    0    0
  730.339  12.17231 0.2028719     N    0    0    0
  731.381  12.18968 0.2031613     N    0    0    0
  732.350  12.20583 0.2034306     N    0    0    0
  733.339  12.22231 0.2037052     N    0    0    0
  734.322  12.23870 0.2039784     N    0    0    0
  735.317  12.25528 0.2042546     N    0    0    0
  736.381  12.27301 0.2045502     N    0    0    0
  737.417  12.29028 0.2048380     N    0    0    0
  738.381  12.30634 0.2051057     N    0    0    0
  739.353  12.32255 0.2053758     N    0    0    0
  740.369  12.33949 0.2056582     N    0    0    0
  741.386  12.35644 0.2059406     N    0    0    0
  742.411  12.37352 0.2062253     N    0    0    0
  743.436  12.39060 0.2065100     N    0    0    0
  744.439  12.40731 0.2067886     N    0    0    0
  745.406  12.42343 0.2070571     N    0    0    0
  746.372  12.43954 0.2073256     N    0    0    0
  747.419  12.45699 0.2076165     N    0    0    0
  748.478  12.47463 0.2079105     N    0    0    0
  749.483  12.49139 0.2081898     N    0    0    0
  750.475  12.50792 0.2084653     N    0    0    0
  751.486  12.52477 0.2087461     N    0    0    0
  752.464  12.54106 0.2090177     N    0    0    0
  753.497  12.55829 0.2093048     N    0    0    0
  754.564  12.57606 0.2096011     N    0    0    0
  755.572  12.59287 0.2098812     N    0    0    0
  756.558  12.60931 0.2101551     N    0    0    0
  757.539  12.62565 0.2104275     N    0    0    0
  758.547  12.64245 0.2107076     N    0    0    0
  759.578  12.65963 0.2109938     N    0    0    0
  760.614  12.67690 0.2112816     N    0    0    0
  761.639  12.69398 0.2115664     N    0    0    0
  762.606  12.71009 0.2118349     N    0    0    0
  763.597  12.72662 0.2121103     N    0    0    0
  764.614  12.74356 0.2123927     N    0    0    0
  765.614  12.76023 0.2126705     N    0    0    0
  766.672  12.77787 0.2129645     N    0    0    0
  767.717  12.79528 0.2132546     N    0    0    0
  768.681  12.81134 0.2135224     N    0    0    0
  769.636  12.82727 0.2137878     N    0    0    0
  770.647  12.84412 0.2140687     N    0    0    0
  771.717  12.86194 0.2143657     N    0    0    0
  772.722  12.87870 0.2146451     N    0    0    0
  773.719  12.89532 0.2149221     N    0    0    0
  774.739  12.91231 0.2152052     N    0    0    0
  775.708  12.92847 0.2154745     N    0    0    0
  776.678  12.94463 0.2157438     N    0    0    0
  777.731  12.96218 0.2160363     N    0    0    0
  778.814  12.98023 0.2163372     N    0    0    0
  779.817  12.99694 0.2166157     N    0    0    0
  780.803  13.01338 0.2168897     N    0    0    0
  781.817  13.03028 0.2171713     N    0    0    0
  782.836  13.04727 0.2174545     N    0    0    0
  783.867  13.06444 0.2177407     N    0    0    0
  784.928  13.08213 0.2180355     N    0    0    0
  785.956  13.09926 0.2183210     N    0    0    0
  786.933  13.11556 0.2185926     N    0    0    0
  787.939  13.13231 0.2188719     N    0    0    0
  788.950  13.14917 0.2191528     N    0    0    0
  790.017  13.16694 0.2194491     N    0    0    0
  791.050  13.18417 0.2197361     N    0    0    0
  792.075  13.20125 0.2200208     N    0    0    0
  793.058  13.21764 0.2202940     N    0    0    0
  794.028  13.23380 0.2205633     N    0    0    0
  795.061  13.25102 0.2208503     N    0    0    0
  796.106  13.26843 0.2211404     N    0    0    0
  797.125  13.28542 0.2214236     N    0    0    0
  798.128  13.30213 0.2217022     N    0    0    0
  799.111  13.31852 0.2219753     N    0    0    0
  800.089  13.33481 0.2222469     N    0    0    0
  801.094  13.35157 0.2225262     N    0    0    0
  802.181  13.36968 0.2228279     N    0    0    0
  803.192  13.38653 0.2231088     N    0    0    0
  804.183  13.40306 0.2233843     N    0    0    0
  805.189  13.41981 0.2236636     N    0    0    0
  806.150  13.43583 0.2239306     N    0    0    0
  807.150  13.45250 0.2242083     N    0    0    0
  808.203  13.47005 0.2245008     N    0    0    0
  809.217  13.48694 0.2247824     N    0    0    0
  810.203  13.50338 0.2250563     N    0    0    0
  811.181  13.51968 0.2253279     N    0    0    0
  812.150  13.53583 0.2255972     N    0    0    0
  813.164  13.55273 0.2258789     N    0    0    0
  814.214  13.57023 0.2261705     N    0    0    0
  815.258  13.58764 0.2264606     N    0    0    0
  816.233  13.60389 0.2267315     N    0    0    0
  817.208  13.62014 0.2270023     N    0    0    0
  818.200  13.63667 0.2272778     N    0    0    0
  819.192  13.65319 0.2275532     N    0    0    0
  820.194  13.66991 0.2278318     N    0    0    0
  821.217  13.68694 0.2281157     N    0    0    0
  822.192  13.70319 0.2283866     N    0    0    0
  823.153  13.71921 0.2286535     N    0    0    0
  824.131  13.73551 0.2289252     N    0    0    0
  825.194  13.75324 0.2292207     N    0    0    0
  826.236  13.77060 0.2295100     N    0    0    0
  827.242  13.78736 0.2297894     N    0    0    0
  828.286  13.80477 0.2300795     N    0    0    0
  829.272  13.82120 0.2303534     N    0    0    0
  830.256  13.83759 0.2306265     N    0    0    0
  831.297  13.85495 0.2309159     N    0    0    0
  832.292  13.87153 0.2311921     N    0    0    0
  833.303  13.88838 0.2314730     N    0    0    0
  834.236  13.90394 0.2317323     N    0    0    0
  835.108  13.91847 0.2319745     N    0    0    0
  836.028  13.93380 0.2322299     N    0    0    0
  836.947  13.94912 0.2324853     N    0    0    0
  837.936  13.96560 0.2327600     N    0    0    0
  838.958  13.98264 0.2330440     N    0    0    0
  839.981  13.99968 0.2333279     N    0    0    0
  840.958  14.01597 0.2335995     N    0    0    0
  841.947  14.03245 0.2338742     N    0    0    0
  842.981  14.04968 0.2341613     N    0    0    0
  844.061  14.06769 0.2344614     N    0    0    0
  845.108  14.08514 0.2347523     N    0    0    0
  846.142  14.10236 0.2350394     N    0    0    0
  847.158  14.11931 0.2353218     N    0    0    0
  848.161  14.13602 0.2356003     N    0    0    0
  849.181  14.15301 0.2358835     N    0    0    0
  850.225  14.17042 0.2361736     N    0    0    0
  851.308  14.18847 0.2364745     N    0    0    0
  852.311  14.20519 0.2367531     N    0    0    0
  853.303  14.22171 0.2370285     N    0    0    0
  854.289  14.23815 0.2373025     N    0    0    0
  855.300  14.25500 0.2375833     N    0    0    0
  856.372  14.27287 0.2378812     Q    0    0    0
  857.325  14.28875 0.2381458     N    0    0    0
  858.278  14.30463 0.2384105     N    0    0    0
  859.242  14.32069 0.2386782     N    0    0    0
  860.189  14.33648 0.2389414     N    0    0    0
  861.189  14.35315 0.2392191     N    0    0    0
  862.242  14.37069 0.2395116     N    0    0    0
  863.292  14.38819 0.2398032     N    0    0    0
  864.258  14.40431 0.2400718     N    0    0    0
  865.214  14.42023 0.2403372     N    0    0    0
  866.178  14.43630 0.2406049     N    0    0    0
  867.144  14.45241 0.2408735     N    0    0    0
  868.164  14.46940 0.2411566     N    0    0    0
  869.181  14.48634 0.2414390     N    0    0    0
  870.133  14.50222 0.2417037     N    0    0    0
  871.094  14.51824 0.2419707     N    0    0    0
  872.064  14.53440 0.2422400     N    0    0    0
  873.019  14.55032 0.2425054     N    0    0    0
  874.028  14.56713 0.2427855     N    0    0    0
  874.961  14.58269 0.2430448     N    0    0    0
  875.847  14.59745 0.2432909     N    0    0    0
  876.700  14.61167 0.2435278     N    0    0    0
  877.564  14.62606 0.2437677     N    0    0    0
  878.428  14.64046 0.2440077     N    0    0    0
  879.344  14.65574 0.2442623     N    0    0    0
  880.283  14.67139 0.2445231     N    0    0    0
  881.200  14.68667 0.2447778     N    0    0    0
  882.181  14.70301 0.2450502     N    0    0    0
  883.133  14.71889 0.2453148     N    0    0    0
  884.108  14.73514 0.2455856     N    0    0    0
  885.100  14.75167 0.2458611     N    0    0    0
  886.161  14.76935 0.2461559     N    0    0    0
  887.222  14.78704 0.2464506     N    0    0    0
  888.222  14.80370 0.2467284     N    0    0    0
  889.186  14.81977 0.2469961     N    0    0    0
  890.189  14.83648 0.2472747     N    0    0    0
  891.217  14.85361 0.2475602     N    0    0    0
  892.278  14.87130 0.2478549     N    0    0    0
  893.289  14.88815 0.2481358     N    0    0    0
  894.303  14.90505 0.2484174     N    0    0    0
  895.281  14.92134 0.2486890     N    0    0    0
  896.244  14.93741 0.2489568     N    0    0    0
  897.261  14.95435 0.2492392     N    0    0    0
  898.311  14.97185 0.2495309     N    0    0    0
  899.336  14.98894 0.2498156     N    0    0    0
  900.311  15.00519 0.2500864     N    0    0    0
  901.264  15.02106 0.2503511     N    0    0    0
  902.264  15.03773 0.2506289     N    0    0    0
  903.283  15.05472 0.2509120     N    0    0    0
  904.297  15.07162 0.2511937     N    0    0    0
  905.311  15.08852 0.2514753     N    0    0    0
  906.269  15.10449 0.2517415     N    0    0    0
  907.142  15.11903 0.2519838     N    0    0    0
  908.011  15.13352 0.2522253     N    0    0    0
  908.894  15.14824 0.2524707     N    0    0    0
  909.875  15.16458 0.2527431     N    0    0    0
  910.878  15.18130 0.2530216     N    0    0    0
  911.856  15.19759 0.2532932     N    0    0    0
  912.828  15.21380 0.2535633     N    0    0    0
  913.814  15.23023 0.2538372     N    0    0    0
  914.831  15.24718 0.2541196     N    0    0    0
  915.892  15.26486 0.2544144     N    0    0    0
  916.917  15.28194 0.2546991     N    0    0    0
  917.958  15.29931 0.2549884     N    0    0    0
  918.961  15.31602 0.2552670     N    0    0    0
  919.992  15.33319 0.2555532     N    0    0    0
  921.039  15.35065 0.2558441     N    0    0    0
  922.089  15.36815 0.2561358     N    0    0    0
  923.114  15.38523 0.2564205     N    0    0    0
  924.133  15.40222 0.2567037     N    0    0    0
  925.142  15.41903 0.2569838     N    0    0    0
  926.125  15.43542 0.2572569     N    0    0    0
  927.061  15.45102 0.2575170     N    0    0    0
  928.083  15.46806 0.2578009     N    0    0    0
  929.047  15.48412 0.2580687     N    0    0    0
  929.958  15.49931 0.2583218     N    0    0    0
  930.819  15.51366 0.2585610     N    0    0    0
  931.664  15.52773 0.2587955     N    0    0    0
  932.525  15.54208 0.2590347     N    0    0    0
  933.386  15.55644 0.2592739     N    0    0    0
  934.292  15.57153 0.2595255     N    0    0    0
  935.192  15.58653 0.2597755     N    0    0    0
  936.094  15.60157 0.2600262     N    0    0    0
  936.972  15.61620 0.2602701     N    0    0    0
  937.844  15.63074 0.2605123     N    0    0    0
  938.753  15.64588 0.2607647     N    0    0    0
  939.722  15.66204 0.2610340     N    0    0    0
  940.722  15.67870 0.2613117     N    0    0    0
  941.708  15.69514 0.2615856     N    0    0    0
  942.669  15.71116 0.2618526     N    0    0    0
  943.678  15.72796 0.2621327     N    0    0    0
  944.644  15.74407 0.2624012     N    0    0    0
  945.650  15.76083 0.2626806     N    0    0    0
  946.625  15.77708 0.2629514     N    0    0    0
  947.542  15.79236 0.2632060     N    0    0    0
  948.450  15.80750 0.2634583     N    0    0    0
  949.369  15.82282 0.2637137     N    0    0    0
  950.344  15.83907 0.2639846     N    0    0    0
  951.406  15.85676 0.2642793     N    0    0    0
  952.467  15.87444 0.2645741     N    0    0    0
  953.522  15.89204 0.2648673     N    0    0    0
  954.542  15.90903 0.2651505     N    0    0    0
  955.575  15.92625 0.2654375     N    0    0    0
  956.606  15.94343 0.2657238     N    0    0    0
  957.628  15.96046 0.2660077     N    0    0    0
  958.678  15.97796 0.2662994     N    0    0    0
  959.686  15.99477 0.2665795     N    0    0    0
  960.631  16.01051 0.2668418     N    0    0    0
  961.539  16.02565 0.2670941     N    0    0    0
  962.492  16.04153 0.2673588     N    0    0    0
  963.500  16.05833 0.2676389     N    0    0    0
  964.458  16.07431 0.2679051     N    0    0    0
  965.353  16.08921 0.2681535     N    0    0    0
  966.269  16.10449 0.2684082     N    0    0    0
  967.194  16.11991 0.2686651     N    0    0    0
  968.111  16.13519 0.2689198     N    0    0    0
  969.078  16.15130 0.2691883     N    0    0    0
  970.078  16.16796 0.2694660     N    0    0    0
  971.092  16.18486 0.2697477     N    0    0    0
  972.028  16.20046 0.2700077     N    0    0    0
  972.886  16.21477 0.2702461     N    0    0    0
  973.717  16.22861 0.2704769     N    0    0    0
  974.561  16.24269 0.2707114     N    0    0    0
  975.414  16.25690 0.2709483     N    0    0    0
  976.264  16.27106 0.2711844     N    0    0    0
  977.164  16.28606 0.2714344     N    0    0    0
  978.058  16.30097 0.2716829     N    0    0    0
  979.003  16.31671 0.2719452     N    0    0    0
  979.961  16.33269 0.2722114     N    0    0    0
  980.975  16.34958 0.2724931     N    0    0    0
  982.039  16.36731 0.2727886     N    0    0    0
  983.050  16.38417 0.2730694     N    0    0    0
  984.028  16.40046 0.2733410     N    0    0    0
  984.944  16.41574 0.2735957     N    0    0    0
  985.858  16.43097 0.2738495     N    0    0    0
  986.756  16.44593 0.2740988     N    0    0    0
  987.703  16.46171 0.2743619     N    0    0    0
  988.694  16.47824 0.2746373     N    0    0    0
  989.700  16.49500 0.2749167     N    0    0    0
  990.683  16.51139 0.2751898     N    0    0    0
  991.650  16.52750 0.2754583     N    0    0    0
  992.667  16.54444 0.2757407     N    0    0    0
  993.733  16.56222 0.2760370     N    0    0    0
  994.803  16.58005 0.2763341     N    0    0    0
  995.828  16.59713 0.2766188     N    0    0    0
  996.839  16.61398 0.2768997     N    0    0    0
  997.833  16.63056 0.2771759     N    0    0    0
  998.831  16.64718 0.2774529     N    0    0    0
  999.886  16.66477 0.2777461     N    0    0    0
 1000.925  16.68208 0.2780347     N    0    0    0
 1001.944  16.69907 0.2783179     N    0    0    0
 1002.864  16.71440 0.2785733     N    0    0    0
 1003.781  16.72968 0.2788279     N    0    0    0
 1004.769  16.74616 0.2791026     N    0    0    0
 1005.714  16.76190 0.2793650     N    0    0    0
 1006.689  16.77815 0.2796358     N    0    0    0
 1007.619  16.79366 0.2798943     N    0    0    0
 1008.467  16.80778 0.2801296     N    0    0    0
 1009.294  16.82157 0.2803596     N    0    0    0
 1010.117  16.83528 0.2805880     N    0    0    0
 1010.939  16.84898 0.2808164     N    0    0    0
 1011.853  16.86421 0.2810702     N    0    0    0
 1012.831  16.88051 0.2813418     N    0    0    0
 1013.761  16.89602 0.2816003     N    0    0    0
 1014.639  16.91065 0.2818441     N    0    0    0
 1015.506  16.92509 0.2820849     N    0    0    0
 1016.425  16.94042 0.2823403     N    0    0    0
 1017.431  16.95718 0.2826196     N    0    0    0
 1018.481  16.97468 0.2829113     N    0    0    0
 1019.544  16.99241 0.2832068     N    0    0    0
 1020.592  17.00986 0.2834977     N    0    0    0
 1021.617  17.02694 0.2837824     N    0    0    0
 1022.656  17.04426 0.2840710     N    0    0    0
 1023.747  17.06245 0.2843742     N    0    0    0
 1024.844  17.08074 0.2846790     N    0    0    0
 1025.881  17.09801 0.2849668     N    0    0    0
 1026.822  17.11370 0.2852284     N    0    0    0
 1027.814  17.13023 0.2855039     N    0    0    0
 1028.806  17.14676 0.2857793     N    0    0    0
 1029.800  17.16333 0.2860556     N    0    0    0
 1030.811  17.18019 0.2863364     N    0    0    0
 1031.806  17.19676 0.2866127     N    0    0    0
 1032.786  17.21310 0.2868850     N    0    0    0
 1033.744  17.22907 0.2871512     N    0    0    0
 1034.725  17.24542 0.2874236     N    0    0    0
 1035.772  17.26287 0.2877145     N    0    0    0
 1036.772  17.27954 0.2879923     N    0    0    0
 1037.761  17.29602 0.2882670     N    0    0    0
 1038.731  17.31218 0.2885363     N    0    0    0
 1039.722  17.32870 0.2888117     N    0    0    0
 1040.725  17.34542 0.2890903     N    0    0    0
 1041.756  17.36259 0.2893765     N    0    0    0
 1042.814  17.38023 0.2896705     N    0    0    0
 1043.814  17.39690 0.2899483     N    0    0    0
 1044.783  17.41306 0.2902176     N    0    0    0
 1045.761  17.42935 0.2904892     N    0    0    0
 1046.767  17.44611 0.2907685     N    0    0    0
 1047.792  17.46319 0.2910532     N    0    0    0
 1048.797  17.47995 0.2913326     N    0    0    0
 1049.792  17.49653 0.2916088     N    0    0    0
 1050.792  17.51319 0.2918866     N    0    0    0
 1051.733  17.52889 0.2921481     N    0    0    0
 1052.700  17.54500 0.2924167     N    0    0    0
 1053.736  17.56227 0.2927045     N    0    0    0
 1054.778  17.57963 0.2929938     N    0    0    0
 1055.761  17.59602 0.2932670     N    0    0    0
 1056.706  17.61176 0.2935293     N    0    0    0
 1057.656  17.62759 0.2937932     N    0    0    0
 1058.664  17.64440 0.2940733     N    0    0    0
 1059.625  17.66042 0.2943403     N    0    0    0
 1060.542  17.67569 0.2945949     N    0    0    0
 1061.503  17.69171 0.2948619     N    0    0    0
 1062.411  17.70685 0.2951142     N    0    0    0
 1063.322  17.72204 0.2953673     N    0    0    0
 1064.225  17.73708 0.2956181     N    0    0    0
 1065.189  17.75315 0.2958858     N    0    0    0
 1066.233  17.77056 0.2961759     N    0    0    0
 1067.211  17.78685 0.2964475     N    0    0    0
 1068.186  17.80310 0.2967184     N    0    0    0
 1069.150  17.81917 0.2969861     N    0    0    0
 1070.122  17.83537 0.2972562     N    0    0    0
 1071.125  17.85208 0.2975347     N    0    0    0
 1072.167  17.86944 0.2978241     N    0    0    0
 1073.214  17.88690 0.2981150     N    0    0    0
 1074.208  17.90347 0.2983912     N    0    0    0
 1075.189  17.91981 0.2986636     N    0    0    0
 1076.169  17.93616 0.2989360     N    0    0    0
 1077.131  17.95218 0.2992029     N    0    0    0
 1078.153  17.96921 0.2994869     N    0    0    0
 1079.097  17.98495 0.2997492     N    0    0    0
 1079.989  17.99981 0.2999969     N    0    0    0
 1080.853  18.01421 0.3002369     N    0    0    0
 1081.756  18.02926 0.3004877     N    0    0    0
 1082.692  18.04486 0.3007477     N    0    0    0
 1083.658  18.06097 0.3010162     N    0    0    0
 1084.628  18.07713 0.3012855     N    0    0    0
 1085.619  18.09366 0.3015610     N    0    0    0
 1086.597  18.10995 0.3018326     N    0    0    0
 1087.564  18.12606 0.3021011     N    0    0    0
 1088.542  18.14236 0.3023727     N    0    0    0
 1089.594  18.15991 0.3026651     N    0    0    0
 1090.631  18.17718 0.3029529     N    0    0    0
 1091.611  18.19352 0.3032253     N    0    0    0
 1092.558  18.20931 0.3034884     N    0    0    0
 1093.536  18.22560 0.3037600     N    0    0    0
 1094.525  18.24208 0.3040347     N    0    0    0
 1095.531  18.25884 0.3043140     N    0    0    0
 1096.592  18.27653 0.3046088     N    0    0    0
 1097.581  18.29301 0.3048835     N    0    0    0
 1098.494  18.30824 0.3051373     N    0    0    0
 1099.447  18.32412 0.3054020     N    0    0    0
 1100.419  18.34032 0.3056721     N    0    0    0
 1101.458  18.35764 0.3059606     N    0    0    0
 1102.492  18.37486 0.3062477     N    0    0    0
 1103.519  18.39199 0.3065332     N    0    0    0
 1104.506  18.40843 0.3068071     N    0    0    0
 1105.458  18.42431 0.3070718     N    0    0    0
 1106.428  18.44046 0.3073410     N    0    0    0
 1107.450  18.45750 0.3076250     N    0    0    0
 1108.458  18.47431 0.3079051     N    0    0    0
 1109.475  18.49125 0.3081875     N    0    0    0
 1110.456  18.50759 0.3084599     N    0    0    0
 1111.422  18.52370 0.3087284     N    0    0    0
 1112.361  18.53935 0.3089892     N    0    0    0
 1113.336  18.55560 0.3092600     N    0    0    0
 1114.297  18.57162 0.3095270     N    0    0    0
 1115.250  18.58750 0.3097917     N    0    0    0
 1116.189  18.60315 0.3100525     N    0    0    0
 1117.158  18.61931 0.3103218     N    0    0    0
 1118.150  18.63583 0.3105972     N    0    0    0
 1119.158  18.65264 0.3108773     N    0    0    0
 1120.228  18.67046 0.3111744     N    0    0    0
 1121.278  18.68796 0.3114660     N    0    0    0
 1122.306  18.70509 0.3117515     N    0    0    0
 1123.281  18.72134 0.3120224     N    0    0    0
 1124.306  18.73843 0.3123071     N    0    0    0
 1125.358  18.75597 0.3125995     N    0    0    0
 1126.392  18.77319 0.3128866     N    0    0    0
 1127.458  18.79097 0.3131829     N    0    0    0
 1128.469  18.80782 0.3134637     N    0    0    0
 1129.458  18.82431 0.3137384     N    0    0    0
 1130.436  18.84060 0.3140100     N    0    0    0
 1131.497  18.85829 0.3143048     N    0    0    0
 1132.575  18.87625 0.3146042     N    0    0    0
 1133.578  18.89296 0.3148827     N    0    0    0
 1134.586  18.90977 0.3151628     N    0    0    0
 1135.575  18.92625 0.3154375     N    0    0    0
 1136.542  18.94236 0.3157060     N    0    0    0
 1137.581  18.95968 0.3159946     N    0    0    0
 1138.639  18.97731 0.3162886     N    0    0    0
 1139.664  18.99440 0.3165733     N    0    0    0
 1140.639  19.01065 0.3168441     N    0    0    0
 1141.611  19.02685 0.3171142     N    0    0    0
 1142.586  19.04310 0.3173850     N    0    0    0
 1143.631  19.06051 0.3176752     N    0    0    0
 1144.664  19.07773 0.3179622     N    0    0    0
 1145.664  19.09440 0.3182400     N    0    0    0
 1146.644  19.11074 0.3185123     N    0    0    0
 1147.636  19.12727 0.3187878     N    0    0    0
 1148.606  19.14343 0.3190571     N    0    0    0
 1149.619  19.16032 0.3193387     N    0    0    0
 1150.706  19.17843 0.3196404     N    0    0    0
 1151.708  19.19514 0.3199190     N    0    0    0
 1152.669  19.21116 0.3201860     N    0    0    0
 1153.658  19.22764 0.3204606     N    0    0    0
 1154.636  19.24394 0.3207323     N    0    0    0
 1155.669  19.26116 0.3210193     N    0    0    0
 1156.694  19.27824 0.3213040     N    0    0    0
 1157.692  19.29486 0.3215810     N    0    0    0
 1158.675  19.31125 0.3218542     N    0    0    0
 1159.636  19.32727 0.3221211     N    0    0    0
 1160.600  19.34333 0.3223889     N    0    0    0
 1161.619  19.36032 0.3226721     N    0    0    0
 1162.675  19.37792 0.3229653     N    0    0    0
 1163.656  19.39426 0.3232377     N    0    0    0
 1164.625  19.41042 0.3235069     N    0    0    0
 1165.614  19.42690 0.3237816     N    0    0    0
 1166.583  19.44306 0.3240509     N    0    0    0
 1167.614  19.46023 0.3243372     N    0    0    0
 1168.608  19.47681 0.3246134     N    0    0    0
 1169.628  19.49380 0.3248966     N    0    0    0
 1170.611  19.51019 0.3251698     N    0    0    0
 1171.558  19.52597 0.3254329     N    0    0    0
 1172.536  19.54227 0.3257045     N    0    0    0
 1173.561  19.55935 0.3259892     N    0    0    0
 1174.608  19.57681 0.3262801     N    0    0    0
 1175.597  19.59329 0.3265548     N    0    0    0
 1176.536  19.60894 0.3268156     N    0    0    0
 1177.472  19.62454 0.3270756     N    0    0    0
 1178.414  19.64023 0.3273372     N    0    0    0
 1179.333  19.65556 0.3275926     N    0    0    0
 1180.258  19.67097 0.3278495     N    0    0    0
 1181.222  19.68704 0.3281173     N    0    0    0
 1182.175  19.70292 0.3283819     N    0    0    0
 1183.111  19.71852 0.3286420     N    0    0    0
 1184.069  19.73449 0.3289082     N    0    0    0
 1185.056  19.75093 0.3291821     N    0    0    0
 1186.122  19.76870 0.3294784     N    0    0    0
 1187.161  19.78602 0.3297670     N    0    0    0
 1188.150  19.80250 0.3300417     N    0    0    0
 1189.147  19.81912 0.3303187     N    0    0    0
 1190.103  19.83505 0.3305841     N    0    0    0
 1191.100  19.85167 0.3308611     N    0    0    0
 1192.147  19.86912 0.3311520     N    0    0    0
 1193.206  19.88676 0.3314460     N    0    0    0
 1194.189  19.90315 0.3317191     N    0    0    0
 1195.161  19.91935 0.3319892     N    0    0    0
 1196.175  19.93625 0.3322708     N    0    0    0
 1197.175  19.95292 0.3325486     N    0    0    0
 1198.206  19.97009 0.3328349     N    0    0    0
 1199.231  19.98718 0.3331196     N    0    0    0
 1200.192  20.00319 0.3333866     N    0    0    0
 1201.156  20.01926 0.3336543     N    0    0    0
 1202.100  20.03500 0.3339167     N    0    0    0
 1203.031  20.05051 0.3341752     N    0    0    0
 1204.036  20.06727 0.3344545     N    0    0    0
 1205.042  20.08403 0.3347338     N    0    0    0
 1206.008  20.10014 0.3350023     N    0    0    0
 1206.939  20.11565 0.3352608     N    0    0    0
 1207.919  20.13199 0.3355332     N    0    0    0
 1208.936  20.14894 0.3358156     N    0    0    0
 1209.956  20.16593 0.3360988     N    0    0    0
 1210.992  20.18319 0.3363866     N    0    0    0
 1212.031  20.20051 0.3366752     N    0    0    0
 1212.986  20.21644 0.3369406     N    0    0    0
 1213.939  20.23231 0.3372052     N    0    0    0
 1214.956  20.24926 0.3374877     N    0    0    0
 1216.019  20.26699 0.3377832     N    0    0    0
 1217.039  20.28398 0.3380664     N    0    0    0
 1218.003  20.30005 0.3383341     N    0    0    0
 1218.969  20.31616 0.3386026     N    0    0    0
 1219.931  20.33218 0.3388696     N    0    0    0
 1220.903  20.34838 0.3391397     N    0    0    0
 1221.881  20.36468 0.3394113     N    0    0    0
 1222.867  20.38111 0.3396852     N    0    0    0
 1223.842  20.39736 0.3399560     N    0    0    0
 1224.792  20.41319 0.3402199     N    0    0    0
 1225.706  20.42843 0.3404738     N    0    0    0
 1226.678  20.44463 0.3407438     N    0    0    0
 1227.647  20.46079 0.3410131     N    0    0    0
 1228.642  20.47736 0.3412894     N    0    0    0
 1229.583  20.49306 0.3415509     N    0    0    0
 1230.464  20.50773 0.3417955     N    0    0    0
 1231.358  20.52264 0.3420440     N    0    0    0
 1232.242  20.53736 0.3422894     N    0    0    0
 1233.164  20.55273 0.3425455     N    0    0    0
 1234.161  20.56935 0.3428225     N    0    0    0
 1235.128  20.58546 0.3430910     N    0    0    0
 1236.042  20.60069 0.3433449     N    0    0    0
 1236.961  20.61602 0.3436003     N    0    0    0
 1237.894  20.63157 0.3438596     N    0    0    0
 1238.878  20.64796 0.3441327     N    0    0    0
 1239.858  20.66431 0.3444051     N    0    0    0
 1240.869  20.68116 0.3446860     N    0    0    0
 1241.872  20.69787 0.3449645     N    0    0    0
 1242.828  20.71380 0.3452299     N    0    0    0
 1243.769  20.72949 0.3454915     N    0    0    0
 1244.753  20.74588 0.3457647     N    0    0    0
 1245.728  20.76213 0.3460355     N    0    0    0
 1246.739  20.77898 0.3463164     N    0    0    0
 1247.725  20.79542 0.3465903     N    0    0    0
 1248.653  20.81088 0.3468480     N    0    0    0
 1249.619  20.82699 0.3471165     N    0    0    0
 1250.589  20.84315 0.3473858     N    0    0    0
 1251.542  20.85903 0.3476505     N    0    0    0
 1252.525  20.87542 0.3479236     N    0    0    0
 1253.481  20.89134 0.3481890     N    0    0    0
 1254.439  20.90731 0.3484552     N    0    0    0
 1255.386  20.92310 0.3487184     N    0    0    0
 1256.339  20.93898 0.3489830     N    0    0    0
 1257.342  20.95569 0.3492616     N    0    0    0
 1258.331  20.97218 0.3495363     N    0    0    0
 1259.311  20.98852 0.3498086     N    0    0    0
 1260.261  21.00435 0.3500725     N    0    0    0
 1261.192  21.01986 0.3503310     N    0    0    0
 1262.158  21.03597 0.3505995     N    0    0    0
 1263.106  21.05176 0.3508627     N    0    0    0
 1264.125  21.06875 0.3511458     N    0    0    0
 1265.142  21.08569 0.3514282     N    0    0    0
 1266.114  21.10190 0.3516983     N    0    0    0
 1267.036  21.11727 0.3519545     N    0    0    0
 1267.969  21.13282 0.3522137     N    0    0    0
 1268.933  21.14889 0.3524815     N    0    0    0
 1269.931  21.16551 0.3527585     N    0    0    0
 1270.883  21.18139 0.3530231     N    0    0    0
 1271.836  21.19727 0.3532878     N    0    0    0
 1272.806  21.21343 0.3535571     N    0    0    0
 1273.736  21.22894 0.3538156     N    0    0    0
 1274.686  21.24477 0.3540795     N    0    0    0
 1275.697  21.26162 0.3543603     N    0    0    0
 1276.672  21.27787 0.3546312     N    0    0    0
 1277.667  21.29444 0.3549074     N    0    0    0
 1278.625  21.31042 0.3551736     N    0    0    0
 1279.522  21.32537 0.3554228     N    0    0    0
 1280.497  21.34162 0.3556937     N    0    0    0
 1281.472  21.35787 0.3559645     N    0    0    0
 1282.425  21.37375 0.3562292     N    0    0    0
 1283.386  21.38977 0.3564961     N    0    0    0
 1284.322  21.40537 0.3567562     N    0    0    0
 1285.253  21.42088 0.3570147     N    0    0    0
 1286.175  21.43625 0.3572708     N    0    0    0
 1287.164  21.45273 0.3575455     N    0    0    0
 1288.219  21.47032 0.3578387     N    0    0    0
 1289.208  21.48681 0.3581134     N    0    0    0
 1290.183  21.50306 0.3583843     N    0    0    0
 1291.111  21.51852 0.3586420     N    0    0    0
 1292.075  21.53458 0.3589097     N    0    0    0
 1293.058  21.55097 0.3591829     N    0    0    0
 1294.069  21.56782 0.3594637     N    0    0    0
 1295.053  21.58421 0.3597369     N    0    0    0
 1295.989  21.59981 0.3599969     N    0    0    0
 1296.886  21.61477 0.3602461     N    0    0    0
 1297.797  21.62995 0.3604992     N    0    0    0
 1298.761  21.64602 0.3607670     N    0    0    0
 1299.733  21.66222 0.3610370     N    0    0    0
 1300.733  21.67889 0.3613148     N    0    0    0
 1301.694  21.69491 0.3615818     N    0    0    0
 1302.589  21.70981 0.3618302     N    0    0    0
 1303.531  21.72551 0.3620918     N    0    0    0
 1304.481  21.74134 0.3623557     N    0    0    0
 1305.453  21.75755 0.3626258     N    0    0    0
 1306.467  21.77444 0.3629074     N    0    0    0
 1307.447  21.79079 0.3631798     N    0    0    0
 1308.422  21.80704 0.3634506     N    0    0    0
 1309.364  21.82273 0.3637122     N    0    0    0
 1310.314  21.83856 0.3639761     N    0    0    0
 1311.322  21.85537 0.3642562     N    0    0    0
 1312.328  21.87213 0.3645355     N    0    0    0
 1313.328  21.88880 0.3648133     N    0    0    0
 1314.303  21.90505 0.3650841     N    0    0    0
 1315.283  21.92139 0.3653565     N    0    0    0
 1316.267  21.93778 0.3656296     N    0    0    0
 1317.211  21.95352 0.3658920     N    0    0    0
 1318.211  21.97019 0.3661698     N    0    0    0
 1319.217  21.98694 0.3664491     N    0    0    0
 1320.172  22.00287 0.3667145     N    0    0    0
 1321.083  22.01806 0.3669676     N    0    0    0
 1322.025  22.03375 0.3672292     N    0    0    0
 1323.033  22.05056 0.3675093     N    0    0    0
 1324.033  22.06722 0.3677870     N    0    0    0
 1325.058  22.08431 0.3680718     N    0    0    0
 1326.028  22.10046 0.3683410     N    0    0    0
 1326.981  22.11634 0.3686057     N    0    0    0
 1327.892  22.13153 0.3688588     N    0    0    0
 1328.850  22.14750 0.3691250     N    0    0    0
 1329.856  22.16426 0.3694043     N    0    0    0
 1330.878  22.18130 0.3696883     N    0    0    0
 1331.839  22.19731 0.3699552     N    0    0    0
 1332.797  22.21329 0.3702215     N    0    0    0
 1333.781  22.22968 0.3704946     N    0    0    0
 1334.772  22.24620 0.3707701     N    0    0    0
 1335.761  22.26269 0.3710448     N    0    0    0
 1336.806  22.28009 0.3713349     N    0    0    0
 1337.811  22.29685 0.3716142     N    0    0    0
 1338.742  22.31236 0.3718727     N    0    0    0
 1339.683  22.32806 0.3721343     N    0    0    0
 1340.631  22.34384 0.3723974     N    0    0    0
 1341.658  22.36097 0.3726829     N    0    0    0
 1342.617  22.37694 0.3729491     N    0    0    0
 1343.583  22.39306 0.3732176     N    0    0    0
 1344.531  22.40884 0.3734807     N    0    0    0
 1345.450  22.42417 0.3737361     N    0    0    0
 1346.397  22.43995 0.3739992     N    0    0    0
 1347.350  22.45583 0.3742639     N    0    0    0
 1348.350  22.47250 0.3745417     N    0    0    0
 1349.364  22.48940 0.3748233     N    0    0    0
 1350.347  22.50579 0.3750965     N    0    0    0
 1351.319  22.52199 0.3753665     N    0    0    0
 1352.322  22.53870 0.3756451     N    0    0    0
 1353.369  22.55616 0.3759360     N    0    0    0
 1354.433  22.57389 0.3762315     N    0    0    0
 1355.428  22.59046 0.3765077     N    0    0    0
 1356.400  22.60667 0.3767778     N    0    0    0
 1357.372  22.62287 0.3770478     N    0    0    0
 1358.347  22.63912 0.3773187     N    0    0    0
 1359.336  22.65560 0.3775934     N    0    0    0
 1360.331  22.67218 0.3778696     N    0    0    0
 1361.344  22.68907 0.3781512     N    0    0    0
 1362.311  22.70519 0.3784198     N    0    0    0
 1363.228  22.72046 0.3786744     N    0    0    0
 1364.172  22.73620 0.3789367     N    0    0    0
 1365.158  22.75264 0.3792106     N    0    0    0
 1366.150  22.76917 0.3794861     N    0    0    0
 1367.125  22.78542 0.3797569     N    0    0    0
 1368.042  22.80069 0.3800116     N    0    0    0
 1368.944  22.81574 0.3802623     N    0    0    0
 1369.853  22.83088 0.3805147     N    0    0    0
 1370.778  22.84630 0.3807716     N    0    0    0
 1371.722  22.86204 0.3810340     N    0    0    0
 1372.703  22.87838 0.3813063     N    0    0    0
 1373.642  22.89403 0.3815671     N    0    0    0
 1374.553  22.90921 0.3818202     N    0    0    0
 1375.467  22.92444 0.3820741     N    0    0    0
 1376.400  22.94000 0.3823333     N    0    0    0
 1377.369  22.95616 0.3826026     N    0    0    0
 1378.372  22.97287 0.3828812     N    0    0    0
 1379.375  22.98958 0.3831597     N    0    0    0
 1380.344  23.00574 0.3834290     N    0    0    0
 1381.231  23.02051 0.3836752     N    0    0    0
 1382.136  23.03560 0.3839267     N    0    0    0
 1383.061  23.05102 0.3841836     N    0    0    0
 1384.003  23.06671 0.3844452     N    0    0    0
 1384.931  23.08218 0.3847029     N    0    0    0
 1385.806  23.09676 0.3849460     N    0    0    0
 1386.639  23.11065 0.3851775     N    0    0    0
 1387.525  23.12542 0.3854236     N    0    0    0
 1388.389  23.13981 0.3856636     N    0    0    0
 1389.269  23.15449 0.3859082     N    0    0    0
 1390.175  23.16958 0.3861597     N    0    0    0
 1391.083  23.18472 0.3864120     N    0    0    0
 1391.992  23.19986 0.3866644     N    0    0    0
 1392.883  23.21472 0.3869120     N    0    0    0
 1393.781  23.22968 0.3871613     N    0    0    0
 1394.667  23.24444 0.3874074     N    0    0    0
 1395.631  23.26051 0.3876752     N    0    0    0
 1396.586  23.27644 0.3879406     N    0    0    0
 1397.514  23.29190 0.3881983     N    0    0    0
 1398.389  23.30648 0.3884414     N    0    0    0
 1399.231  23.32051 0.3886752     N    0    0    0
 1400.122  23.33537 0.3889228     N    0    0    0
 1401.047  23.35079 0.3891798     N    0    0    0
 1402.006  23.36676 0.3894460     N    0    0    0
 1403.022  23.38370 0.3897284     N    0    0    0
 1403.992  23.39986 0.3899977     N    0    0    0
 1404.911  23.41519 0.3902531     N    0    0    0
 1405.794  23.42991 0.3904985     N    0    0    0
 1406.719  23.44532 0.3907554     N    0    0    0
 1407.686  23.46144 0.3910239     N    0    0    0
 1408.642  23.47736 0.3912894     N    0    0    0
 1409.567  23.49278 0.3915463     N    0    0    0
 1410.531  23.50884 0.3918140     N    0    0    0
 1411.481  23.52468 0.3920779     N    0    0    0
 1412.447  23.54079 0.3923465     N    0    0    0
 1413.469  23.55782 0.3926304     N    0    0    0
 1414.531  23.57551 0.3929252     N    0    0    0
 1415.575  23.59292 0.3932153     N    0    0    0
 1416.531  23.60884 0.3934807     N    0    0    0
 1417.503  23.62505 0.3937508     N    0    0    0
 1418.511  23.64185 0.3940309     N    0    0    0
 1419.544  23.65907 0.3943179     N    0    0    0
 1420.586  23.67644 0.3946073     N    0    0    0
 1421.586  23.69310 0.3948850     N    0    0    0
 1422.564  23.70940 0.3951566     N    0    0    0
 1423.522  23.72537 0.3954228     N    0    0    0
 1424.506  23.74176 0.3956960     N    0    0    0
 1425.528  23.75880 0.3959799     N    0    0    0
 1426.542  23.77569 0.3962616     N    0    0    0
 1427.528  23.79213 0.3965355     N    0    0    0
 1428.517  23.80861 0.3968102     N    0    0    0
 1429.481  23.82468 0.3970779     N    0    0    0
 1430.461  23.84102 0.3973503     N    0    0    0
 1431.481  23.85801 0.3976335     N    0    0    0
 1432.511  23.87519 0.3979198     N    0    0    0
 1433.564  23.89273 0.3982122     N    0    0    0
 1434.556  23.90926 0.3984877     N    0    0    0
 1435.528  23.92546 0.3987577     N    0    0    0
 1436.483  23.94139 0.3990231     N    0    0    0
 1437.508  23.95847 0.3993079     N    0    0    0
 1438.547  23.97579 0.3995965     N    0    0    0
 1439.539  23.99231 0.3998719     N    0    0    0
 1440.500  24.00833 0.4001389     N    0    0    0
 1441.478  24.02463 0.4004105     N    0    0    0
 1442.450  24.04083 0.4006806     N    0    0    0
 1443.453  24.05755 0.4009591     N    0    0    0
 1444.478  24.07463 0.4012438     N    0    0    0
 1445.511  24.09185 0.4015309     N    0    0    0
 1446.489  24.10815 0.4018025     N    0    0    0
 1447.439  24.12398 0.4020664     N    0    0    0
 1448.442  24.14069 0.4023449     N    0    0    0
 1449.478  24.15796 0.4026327     N    0    0    0
 1450.481  24.17468 0.4029113     N    0    0    0
 1451.494  24.19157 0.4031929     N    0    0    0
 1452.425  24.20708 0.4034514     N    0    0    0
 1453.386  24.22310 0.4037184     N    0    0    0
 1454.339  24.23898 0.4039830     N    0    0    0
 1455.317  24.25528 0.4042546     N    0    0    0
 1456.281  24.27134 0.4045224     N    0    0    0
 1457.269  24.28782 0.4047971     N    0    0    0
 1458.239  24.30398 0.4050664     N    0    0    0
 1459.203  24.32005 0.4053341     N    0    0    0
 1460.147  24.33579 0.4055965     N    0    0    0
 1461.169  24.35282 0.4058804     N    0    0    0
 1462.222  24.37037 0.4061728     N    0    0    0
 1463.244  24.38741 0.4064568     N    0    0    0
 1464.244  24.40407 0.4067346     N    0    0    0
 1465.231  24.42051 0.4070085     N    0    0    0
 1466.181  24.43634 0.4072724     N    0    0    0
 1467.106  24.45176 0.4075293     N    0    0    0
 1468.072  24.46787 0.4077978     N    0    0    0
 1469.092  24.48486 0.4080810     N    0    0    0
 1470.067  24.50111 0.4083519     N    0    0    0
 1471.050  24.51750 0.4086250     N    0    0    0
 1472.061  24.53435 0.4089059     N    0    0    0
 1473.086  24.55144 0.4091906     N    0    0    0
 1474.133  24.56889 0.4094815     N    0    0    0
 1475.183  24.58639 0.4097731     N    0    0    0
 1476.194  24.60324 0.4100540     N    0    0    0
 1477.158  24.61931 0.4103218     N    0    0    0
 1477.817  24.63028 0.4105046     A    0    0    0
 1479.092  24.65153 0.4108588     N    0    0    0
 1480.178  24.66963 0.4111605     N    0    0    0
 1481.211  24.68685 0.4114475     N    0    0    0
 1482.217  24.70361 0.4117269     N    0    0    0
 1483.206  24.72009 0.4120015     N    0    0    0
 1484.208  24.73681 0.4122801     N    0    0    0
 1485.239  24.75398 0.4125664     N    0    0    0
 1486.269  24.77116 0.4128526     N    0    0    0
 1487.275  24.78792 0.4131319     N    0    0    0
 1488.247  24.80412 0.4134020     N    0    0    0
 1489.214  24.82023 0.4136705     N    0    0    0
 1490.225  24.83708 0.4139514     N    0    0    0
 1491.311  24.85519 0.4142531     N    0    0    0
 1492.419  24.87366 0.4145610     N    0    0    0
 1493.492  24.89153 0.4148588     N    0    0    0
 1494.556  24.90926 0.4151543     N    0    0    0
 1495.556  24.92593 0.4154321     N    0    0    0
 1496.522  24.94204 0.4157006     N    0    0    0
 1497.567  24.95944 0.4159907     N    0    0    0
 1498.625  24.97708 0.4162847     N    0    0    0
 1499.656  24.99426 0.4165710     N    0    0    0
 1500.603  25.01005 0.4168341     N    0    0    0
 1501.581  25.02634 0.4171057     N    0    0    0
 1502.600  25.04333 0.4173889     N    0    0    0
 1503.625  25.06042 0.4176736     N    0    0    0
 1504.625  25.07708 0.4179514     N    0    0    0
 1505.644  25.09407 0.4182346     N    0    0    0
 1506.658  25.11097 0.4185162     N    0    0    0
 1507.611  25.12685 0.4187809     N    0    0    0
 1508.572  25.14287 0.4190478     N    0    0    0
 1509.631  25.16051 0.4193418     N    0    0    0
 1510.686  25.17810 0.4196350     N    0    0    0
 1511.678  25.19463 0.4199105     N    0    0    0
 1512.656  25.21093 0.4201821     N    0    0    0
 1513.653  25.22755 0.4204591     N    0    0    0
 1514.681  25.24468 0.4207446     N    0    0    0
 1515.711  25.26185 0.4210309     N    0    0    0
 1516.764  25.27940 0.4213233     N    0    0    0
 1517.814  25.29690 0.4216150     N    0    0    0
 1518.767  25.31278 0.4218796     N    0    0    0
 1519.711  25.32852 0.4221420     N    0    0    0
 1520.708  25.34514 0.4224190     N    0    0    0
 1521.769  25.36282 0.4227137     N    0    0    0
 1522.806  25.38009 0.4230015     N    0    0    0
 1523.819  25.39699 0.4232832     N    0    0    0
 1524.839  25.41398 0.4235664     N    0    0    0
 1525.844  25.43074 0.4238457     N    0    0    0
 1526.839  25.44731 0.4241219     N    0    0    0
 1527.911  25.46519 0.4244198     N    0    0    0
 1528.978  25.48296 0.4247160     N    0    0    0
 1529.994  25.49991 0.4249985     N    0    0    0
 1530.950  25.51583 0.4252639     N    0    0    0
 1531.900  25.53167 0.4255278     N    0    0    0
 1532.894  25.54824 0.4258040     N    0    0    0
 1533.900  25.56500 0.4260833     N    0    0    0
 1534.919  25.58199 0.4263665     N    0    0    0
 1535.919  25.59866 0.4266443     N    0    0    0
 1536.867  25.61444 0.4269074     N    0    0    0
 1537.847  25.63079 0.4271798     N    0    0    0
 1538.853  25.64755 0.4274591     N    0    0    0
 1539.875  25.66458 0.4277431     N    0    0    0
 1540.903  25.68171 0.4280285     N    0    0    0
 1541.919  25.69866 0.4283110     N    0    0    0
 1542.883  25.71472 0.4285787     N    0    0    0
 1543.814  25.73023 0.4288372     N    0    0    0
 1544.825  25.74708 0.4291181     N    0    0    0
 1545.864  25.76440 0.4294066     N    0    0    0
 1546.867  25.78111 0.4296852     N    0    0    0
 1547.867  25.79778 0.4299630     N    0    0    0
 1548.867  25.81444 0.4302407     N    0    0    0
 1549.842  25.83069 0.4305116     N    0    0    0
 1550.825  25.84708 0.4307847     N    0    0    0
 1551.872  25.86454 0.4310756     N    0    0    0
 1552.928  25.88213 0.4313688     N    0    0    0
 1553.906  25.89843 0.4316404     N    0    0    0
 1554.858  25.91431 0.4319051     N    0    0    0
 1555.867  25.93111 0.4321852     N    0    0    0
 1556.861  25.94769 0.4324614     N    0    0    0
 1557.878  25.96463 0.4327438     N    0    0    0
 1558.917  25.98194 0.4330324     N    0    0    0
 1559.892  25.99819 0.4333032     N    0    0    0
 1560.786  26.01310 0.4335517     N    0    0    0
 1561.639  26.02731 0.4337886     N    0    0    0
 1562.544  26.04241 0.4340401     N    0    0    0
 1563.567  26.05944 0.4343241     N    0    0    0
 1564.600  26.07667 0.4346111     N    0    0    0
 1565.589  26.09315 0.4348858     N    0    0    0
 1566.575  26.10958 0.4351597     N    0    0    0
 1567.586  26.12644 0.4354406     N    0    0    0
 1568.572  26.14287 0.4357145     N    0    0    0
 1569.586  26.15977 0.4359961     N    0    0    0
 1570.658  26.17764 0.4362940     N    0    0    0
 1571.719  26.19532 0.4365887     N    0    0    0
 1572.689  26.21148 0.4368580     N    0    0    0
 1573.683  26.22806 0.4371343     N    0    0    0
 1574.714  26.24523 0.4374205     N    0    0    0
 1575.764  26.26273 0.4377122     N    0    0    0
 1576.794  26.27991 0.4379985     N    0    0    0
 1577.822  26.29704 0.4382840     N    0    0    0
 1578.847  26.31412 0.4385687     N    0    0    0
 1579.808  26.33014 0.4388356     N    0    0    0
 1580.792  26.34653 0.4391088     N    0    0    0
 1581.847  26.36412 0.4394020     N    0    0    0
 1582.900  26.38167 0.4396944     N    0    0    0
 1583.886  26.39810 0.4399684     N    0    0    0
 1584.858  26.41431 0.4402384     N    0    0    0
 1585.858  26.43097 0.4405162     N    0    0    0
 1586.869  26.44782 0.4407971     N    0    0    0
 1587.864  26.46440 0.4410733     N    0    0    0
 1588.897  26.48162 0.4413603     N    0    0    0
 1589.914  26.49856 0.4416427     N    0    0    0
 1590.889  26.51481 0.4419136     N    0    0    0
 1591.831  26.53051 0.4421752     N    0    0    0
 1592.819  26.54699 0.4424498     N    0    0    0
 1593.894  26.56491 0.4427485     N    0    0    0
 1594.922  26.58204 0.4430340     N    0    0    0
 1595.914  26.59856 0.4433094     N    0    0    0
 1596.886  26.61477 0.4435795     N    0    0    0
 1597.825  26.63042 0.4438403     N    0    0    0
 1598.772  26.64620 0.4441034     N    0    0    0
 1599.753  26.66255 0.4443758     N    0    0    0
 1600.769  26.67949 0.4446582     N    0    0    0
 1601.783  26.69639 0.4449398     N    0    0    0
 1602.733  26.71222 0.4452037     N    0    0    0
 1603.700  26.72833 0.4454722     N    0    0    0
 1604.708  26.74514 0.4457523     N    0    0    0
 1605.772  26.76287 0.4460478     N    0    0    0
 1606.839  26.78065 0.4463441     N    0    0    0
 1607.864  26.79773 0.4466289     N    0    0    0
 1608.869  26.81449 0.4469082     N    0    0    0
 1609.861  26.83102 0.4471836     N    0    0    0
 1610.819  26.84699 0.4474498     N    0    0    0
 1611.853  26.86421 0.4477369     N    0    0    0
 1612.911  26.88185 0.4480309     N    0    0    0
 1613.953  26.89921 0.4483202     N    0    0    0
 1614.944  26.91574 0.4485957     N    0    0    0
 1615.936  26.93227 0.4488711     N    0    0    0
 1616.969  26.94949 0.4491582     N    0    0    0
 1618.019  26.96699 0.4494498     N    0    0    0
 1619.058  26.98431 0.4497384     N    0    0    0
 1620.086  27.00144 0.4500239     N    0    0    0
 1621.072  27.01787 0.4502978     N    0    0    0
 1622.083  27.03472 0.4505787     N    0    0    0
 1623.075  27.05125 0.4508542     N    0    0    0
 1624.117  27.06861 0.4511435     N    0    0    0
 1625.169  27.08616 0.4514360     N    0    0    0
 1626.158  27.10264 0.4517106     N    0    0    0
 1627.111  27.11852 0.4519753     N    0    0    0
 1628.078  27.13463 0.4522438     N    0    0    0
 1629.108  27.15181 0.4525301     N    0    0    0
 1630.147  27.16912 0.4528187     N    0    0    0
 1631.164  27.18606 0.4531011     N    0    0    0
 1632.192  27.20319 0.4533866     N    0    0    0
 1633.125  27.21875 0.4536458     N    0    0    0
 1634.081  27.23468 0.4539113     N    0    0    0
 1635.078  27.25130 0.4541883     N    0    0    0
 1636.131  27.26884 0.4544807     N    0    0    0
 1637.142  27.28569 0.4547616     N    0    0    0
 1638.131  27.30218 0.4550363     N    0    0    0
 1639.111  27.31852 0.4553086     N    0    0    0
 1640.100  27.33500 0.4555833     N    0    0    0
 1641.078  27.35130 0.4558549     N    0    0    0
 1642.106  27.36843 0.4561404     N    0    0    0
 1643.142  27.38569 0.4564282     N    0    0    0
 1644.083  27.40139 0.4566898     N    0    0    0
 1645.003  27.41671 0.4569452     N    0    0    0
 1645.925  27.43208 0.4572014     N    0    0    0
 1646.836  27.44727 0.4574545     N    0    0    0
 1647.792  27.46319 0.4577199     N    0    0    0
 1648.731  27.47884 0.4579807     N    0    0    0
 1649.658  27.49431 0.4582384     N    0    0    0
 1650.597  27.50995 0.4584992     N    0    0    0
 1651.531  27.52551 0.4587585     N    0    0    0
 1652.514  27.54190 0.4590316     N    0    0    0
 1653.508  27.55847 0.4593079     N    0    0    0
 1654.547  27.57579 0.4595965     N    0    0    0
 1655.594  27.59324 0.4598873     N    0    0    0
 1656.575  27.60958 0.4601597     N    0    0    0
 1657.547  27.62579 0.4604298     N    0    0    0
 1658.553  27.64255 0.4607091     N    0    0    0
 1659.628  27.66046 0.4610077     N    0    0    0
 1660.658  27.67764 0.4612940     N    0    0    0
 1661.683  27.69472 0.4615787     N    0    0    0
 1662.700  27.71167 0.4618611     N    0    0    0
 1663.642  27.72736 0.4621227     N    0    0    0
 1664.606  27.74343 0.4623904     N    0    0    0
 1665.625  27.76042 0.4626736     N    0    0    0
 1666.636  27.77727 0.4629545     N    0    0    0
 1667.633  27.79389 0.4632315     N    0    0    0
 1668.592  27.80986 0.4634977     N    0    0    0
 1669.561  27.82602 0.4637670     N    0    0    0
 1670.542  27.84236 0.4640394     N    0    0    0
 1671.561  27.85935 0.4643225     N    0    0    0
 1672.572  27.87620 0.4646034     N    0    0    0
 1673.564  27.89273 0.4648789     N    0    0    0
 1674.544  27.90907 0.4651512     N    0    0    0
 1675.478  27.92463 0.4654105     N    0    0    0
 1676.406  27.94009 0.4656682     N    0    0    0
 1677.400  27.95667 0.4659444     N    0    0    0
 1678.411  27.97352 0.4662253     N    0    0    0
 1679.367  27.98944 0.4664907     N    0    0    0
 1680.297  28.00495 0.4667492     N    0    0    0
 1681.247  28.02079 0.4670131     N    0    0    0
 1682.169  28.03616 0.4672693     N    0    0    0
 1683.156  28.05259 0.4675432     N    0    0    0
 1684.167  28.06944 0.4678241     N    0    0    0
 1685.206  28.08676 0.4681127     N    0    0    0
 1686.158  28.10264 0.4683773     N    0    0    0
 1687.089  28.11815 0.4686358     N    0    0    0
 1688.014  28.13356 0.4688927     N    0    0    0
 1688.931  28.14884 0.4691474     N    0    0    0
 1689.881  28.16468 0.4694113     N    0    0    0
 1690.864  28.18106 0.4696844     N    0    0    0
 1691.828  28.19713 0.4699522     N    0    0    0
 1692.769  28.21282 0.4702137     N    0    0    0
 1693.750  28.22917 0.4704861     N    0    0    0
 1694.758  28.24597 0.4707662     N    0    0    0
 1695.831  28.26384 0.4710640     N    0    0    0
 1696.889  28.28148 0.4713580     N    0    0    0
 1697.950  28.29917 0.4716528     N    0    0    0
 1698.933  28.31556 0.4719259     N    0    0    0
 1699.906  28.33176 0.4721960     N    0    0    0
 1700.942  28.34903 0.4724838     N    0    0    0
 1701.967  28.36611 0.4727685     N    0    0    0
 1702.964  28.38273 0.4730455     N    0    0    0
 1703.950  28.39917 0.4733194     N    0    0    0
 1704.928  28.41546 0.4735910     N    0    0    0
 1705.908  28.43181 0.4738634     N    0    0    0
 1706.914  28.44856 0.4741427     N    0    0    0
 1707.922  28.46537 0.4744228     N    0    0    0
 1708.969  28.48282 0.4747137     N    0    0    0
 1709.969  28.49949 0.4749915     N    0    0    0
 1710.928  28.51546 0.4752577     N    0    0    0
 1711.911  28.53185 0.4755309     N    0    0    0
 1712.931  28.54884 0.4758140     N    0    0    0
 1713.983  28.56639 0.4761065     N    0    0    0
 1714.978  28.58296 0.4763827     N    0    0    0
 1716.008  28.60014 0.4766690     N    0    0    0
 1716.997  28.61662 0.4769437     N    0    0    0
 1717.967  28.63278 0.4772130     N    0    0    0
 1718.956  28.64926 0.4774877     N    0    0    0
 1719.997  28.66662 0.4777770     N    0    0    0
 1721.064  28.68440 0.4780733     N    0    0    0
 1722.050  28.70083 0.4783472     N    0    0    0
 1723.006  28.71676 0.4786127     N    0    0    0
 1724.019  28.73366 0.4788943     N    0    0    0
 1725.028  28.75046 0.4791744     N    0    0    0
 1726.053  28.76755 0.4794591     N    0    0    0
 1727.083  28.78472 0.4797454     N    0    0    0
 1728.117  28.80194 0.4800324     N    0    0    0
 1729.053  28.81755 0.4802924     N    0    0    0
 1729.992  28.83319 0.4805532     N    0    0    0
 1731.003  28.85005 0.4808341     N    0    0    0
 1732.022  28.86704 0.4811173     N    0    0    0
 1732.975  28.88292 0.4813819     N    0    0    0
 1733.928  28.89880 0.4816466     N    0    0    0
 1734.867  28.91444 0.4819074     N    0    0    0
 1735.806  28.93009 0.4821682     N    0    0    0
 1736.744  28.94574 0.4824290     N    0    0    0
 1737.750  28.96250 0.4827083     N    0    0    0
 1738.808  28.98014 0.4830023     N    0    0    0
 1739.808  28.99681 0.4832801     N    0    0    0
 1740.761  29.01269 0.4835448     N    0    0    0
 1741.728  29.02880 0.4838133     N    0    0    0
 1742.703  29.04505 0.4840841     N    0    0    0
 1743.681  29.06134 0.4843557     N    0    0    0
 1744.669  29.07782 0.4846304     N    0    0    0
 1745.647  29.09412 0.4849020     N    0    0    0
 1746.622  29.11037 0.4851728     N    0    0    0
 1747.583  29.12639 0.4854398     N    0    0    0
 1748.567  29.14278 0.4857130     N    0    0    0
 1749.617  29.16028 0.4860046     N    0    0    0
 1750.678  29.17796 0.4862994     N    0    0    0
 1751.736  29.19560 0.4865934     N    0    0    0
 1752.728  29.21213 0.4868688     N    0    0    0
 1753.722  29.22870 0.4871451     N    0    0    0
 1754.708  29.24514 0.4874190     N    0    0    0
 1755.733  29.26222 0.4877037     N    0    0    0
 1756.789  29.27981 0.4879969     N    0    0    0
 1757.811  29.29685 0.4882809     N    0    0    0
 1758.811  29.31352 0.4885586     N    0    0    0
 1759.794  29.32991 0.4888318     N    0    0    0
 1760.803  29.34671 0.4891119     N    0    0    0
 1761.883  29.36472 0.4894120     N    0    0    0
 1762.911  29.38185 0.4896975     N    0    0    0
 1763.914  29.39856 0.4899761     N    0    0    0
 1764.903  29.41505 0.4902508     N    0    0    0
 1765.911  29.43185 0.4905309     N    0    0    0
 1766.942  29.44903 0.4908171     N    0    0    0
 1768.006  29.46676 0.4911127     N    0    0    0
 1769.044  29.48407 0.4914012     N    0    0    0
 1770.044  29.50074 0.4916790     N    0    0    0
 1770.986  29.51644 0.4919406     N    0    0    0
 1771.933  29.53222 0.4922037     N    0    0    0
 1772.886  29.54810 0.4924684     N    0    0    0
 1773.858  29.56431 0.4927384     N    0    0    0
 1774.772  29.57954 0.4929923     N    0    0    0
 1775.706  29.59509 0.4932515     N    0    0    0
 1776.650  29.61083 0.4935139     N    0    0    0
 1777.628  29.62713 0.4937855     N    0    0    0
 1778.575  29.64292 0.4940486     N    0    0    0
 1779.581  29.65968 0.4943279     N    0    0    0
 1780.622  29.67704 0.4946173     N    0    0    0
 1781.656  29.69426 0.4949043     N    0    0    0
 1782.603  29.71005 0.4951674     N    0    0    0
 1783.533  29.72556 0.4954259     N    0    0    0
 1784.547  29.74245 0.4957076     N    0    0    0
 1785.589  29.75981 0.4959969     N    0    0    0
 1786.603  29.77671 0.4962785     N    0    0    0
 1787.617  29.79361 0.4965602     N    0    0    0
 1788.611  29.81019 0.4968364     N    0    0    0
 1789.631  29.82718 0.4971196     N    0    0    0
 1790.636  29.84394 0.4973989     N    0    0    0
 1791.703  29.86171 0.4976952     N    0    0    0
 1792.764  29.87940 0.4979900     N    0    0    0
 1793.747  29.89579 0.4982631     N    0    0    0
 1794.719  29.91199 0.4985332     N    0    0    0
 1795.697  29.92829 0.4988048     N    0    0    0
 1796.725  29.94542 0.4990903     N    0    0    0
 1797.764  29.96273 0.4993789     N    0    0    0
 1798.803  29.98005 0.4996674     N    0    0    0
 1799.817  29.99694 0.4999491     N    0    0    0
 1800.808  30.01347 0.5002245     N    0    0    0
 1801.797  30.02995 0.5004992     N    0    0    0
 1802.789  30.04648 0.5007747     N    0    0    0
 1803.811  30.06352 0.5010586     N    0    0    0
 1804.864  30.08106 0.5013511     N    0    0    0
