  Seconds   Minutes     Hours  Type  Sub Chan  Num	Aux
    0.064   0.00106 0.0000177     +    0    0    0	(N
    0.244   0.00407 0.0000679     N    0    0    0
    1.228   0.02046 0.0003410     N    0    0    0
    2.192   0.03653 0.0006088     N    0    0    0
    3.208   0.05347 0.0008912     N    0    0    0
    4.147   0.06912 0.0011520     N    0    0    0
    5.058   0.08431 0.0014051     N    0    0    0
    5.992   0.09986 0.0016644     N    0    0    0
    6.992   0.11653 0.0019421     N    0    0    0
    8.025   0.13375 0.0022292     N    0    0    0
    8.994   0.14991 0.0024985     N    0    0    0
    9.981   0.16634 0.0027724     N    0    0    0
   10.900   0.18167 0.0030278     N    0    0    0
   11.403   0.19005 0.0031674     V    1    0    0
   11.658   0.19431 0.0032384     x    0    0    0
   12.783   0.21306 0.0035509     N    0    0    0
   13.808   0.23014 0.0038356     N    0    0    0
   14.861   0.24769 0.0041281     N    0    0    0
   15.875   0.26458 0.0044097     N    0    0    0
   16.986   0.28310 0.0047184     N    0    0    0
   17.997   0.29995 0.0049992     N    0    0    0
   19.128   0.31880 0.0053133     N    0    0    0
   20.242   0.33736 0.0056227     N    0    0    0
   21.353   0.35588 0.0059313     N    0    0    0
   22.378   0.37296 0.0062160     N    0    0    0
   23.422   0.39037 0.0065062     N    0    0    0
   24.456   0.40759 0.0067932     N    0    0    0
   25.544   0.42574 0.0070957     N    0    0    0
   26.628   0.44380 0.0073966     N    0    0    0
   27.567   0.45944 0.0076574     ~    3    0    0
   27.675   0.46125 0.0076875     N    0    0    0
   28.681   0.47801 0.0079668     N    0    0    0
   29.219   0.48699 0.0081165     ~    0    0    0
   29.711   0.49519 0.0082531     N    0    0    0
   30.211   0.50352 0.0083920     V    2    0    0
   30.556   0.50926 0.0084877     x    0    0    0
   31.814   0.53023 0.0088372     N    0    0    0
   32.831   0.54718 0.0091196     N    0    0    0
   33.817   0.56361 0.0093935     N    0    0    0
   34.747   0.57912 0.0096520     N    0    0    0
   35.711   0.59519 0.0099198     N    0    0    0
   36.767   0.61278 0.0102130     N    0    0    0
   37.900   0.63167 0.0105278     N    0    0    0
   39.092   0.65153 0.0108588     N    0    0    0
   40.186   0.66977 0.0111628     N    0    0    0
   41.242   0.68736 0.0114560     N    0    0    0
   42.283   0.70472 0.0117454     N    0    0    0
   43.389   0.72315 0.0120525     N    0    0    0
   44.494   0.74157 0.0123596     N    0    0    0
   45.564   0.75940 0.0126566     N    0    0    0
   46.633   0.77722 0.0129537     N    0    0    0
   47.669   0.79449 0.0132415     N    0    0    0
   48.706   0.81176 0.0135293     N    0    0    0
   49.811   0.83019 0.0138364     N    0    0    0
   50.908   0.84847 0.0141412     N    0    0    0
   51.903   0.86505 0.0144174     N    0    0    0
   52.903   0.88171 0.0146952     N    0    0    0
   53.933   0.89889 0.0149815     N    0    0    0
   55.006   0.91676 0.0152793     N    0    0    0
   56.092   0.93486 0.0155810     N    0    0    0
   57.183   0.95306 0.0158843     N    0    0    0
   58.172   0.96954 0.0161590     N    0    0    0
   59.189   0.98648 0.0164414     N    0    0    0
   60.211   1.00352 0.0167253     N    0    0    0
   61.261   1.02102 0.0170170     N    0    0    0
   62.297   1.03829 0.0173048     N    0    0    0
   63.317   1.05528 0.0175880     N    0    0    0
   64.414   1.07356 0.0178927     N    0    0    0
   65.583   1.09306 0.0182176     N    0    0    0
   66.769   1.11282 0.0185471     N    0    0    0
   67.928   1.13213 0.0188688     N    0    0    0
   69.028   1.15046 0.0191744     N    0    0    0
   70.089   1.16815 0.0194691     N    0    0    0
   71.158   1.18597 0.0197662     N    0    0    0
   72.197   1.20329 0.0200548     N    0    0    0
   73.294   1.22157 0.0203596     N    0    0    0
   74.408   1.24014 0.0206690     N    0    0    0
   75.503   1.25838 0.0209730     N    0    0    0
   76.514   1.27523 0.0212539     N    0    0    0
   77.572   1.29287 0.0215478     N    0    0    0
   78.647   1.31079 0.0218465     N    0    0    0
   79.769   1.32949 0.0221582     N    0    0    0
   80.833   1.34722 0.0224537     N    0    0    0
   81.819   1.36366 0.0227276     N    0    0    0
   82.767   1.37944 0.0229907     N    0    0    0
   83.750   1.39583 0.0232639     N    0    0    0
   84.847   1.41412 0.0235687     N    0    0    0
   86.044   1.43407 0.0239012     N    0    0    0
   87.278   1.45463 0.0242438     N    0    0    0
   88.486   1.47477 0.0245795     N    0    0    0
   89.617   1.49361 0.0248935     N    0    0    0
   90.828   1.51380 0.0252299     N    0    0    0
   92.003   1.53338 0.0255563     N    0    0    0
   93.092   1.55153 0.0258588     N    0    0    0
   94.136   1.56894 0.0261489     N    0    0    0
   95.164   1.58606 0.0264344     N    0    0    0
   96.181   1.60301 0.0267168     N    0    0    0
   97.272   1.62120 0.0270201     N    0    0    0
   98.372   1.63954 0.0273256     N    0    0    0
   99.344   1.65574 0.0275957     N    0    0    0
  100.319   1.67199 0.0278665     N    0    0    0
  101.314   1.68856 0.0281427     N    0    0    0
  102.358   1.70597 0.0284329     N    0    0    0
  103.603   1.72671 0.0287785     N    0    0    0
  104.947   1.74912 0.0291520     N    0    0    0
  106.106   1.76843 0.0294738     N    0    0    0
  107.194   1.78657 0.0297762     N    0    0    0
  108.308   1.80514 0.0300856     N    0    0    0
  109.411   1.82352 0.0303920     N    0    0    0
  110.500   1.84167 0.0306944     N    0    0    0
  111.583   1.85972 0.0309954     N    0    0    0
  112.606   1.87676 0.0312793     N    0    0    0
  113.653   1.89421 0.0315702     N    0    0    0
  114.744   1.91241 0.0318735     N    0    0    0
  115.836   1.93060 0.0321767     N    0    0    0
  116.922   1.94870 0.0324784     N    0    0    0
  117.967   1.96611 0.0327685     N    0    0    0
  118.997   1.98329 0.0330548     N    0    0    0
  120.058   2.00097 0.0333495     N    0    0    0
  121.161   2.01935 0.0336559     N    0    0    0
  122.244   2.03741 0.0339568     N    0    0    0
  123.308   2.05514 0.0342523     N    0    0    0
  124.381   2.07301 0.0345502     N    0    0    0
  125.408   2.09014 0.0348356     N    0    0    0
  126.439   2.10731 0.0351219     N    0    0    0
  127.517   2.12528 0.0354213     N    0    0    0
  128.625   2.14375 0.0357292     N    0    0    0
  129.183   2.15306 0.0358843     ~    3    0    0
  129.611   2.16019 0.0360031     N    0    0    0
  130.572   2.17620 0.0362701     N    0    0    0
  131.533   2.19222 0.0365370     N    0    0    0
  132.575   2.20958 0.0368264     N    0    0    0
  133.872   2.23120 0.0371867     N    0    0    0
  135.106   2.25176 0.0375293     N    0    0    0
  136.136   2.26894 0.0378156     N    0    0    0
  136.536   2.27560 0.0379267     ~    1    0    0
  137.203   2.28671 0.0381119     N    0    0    0
  137.444   2.29074 0.0381790     ~    0    0    0
  138.281   2.30468 0.0384113     N    0    0    0
  139.381   2.32301 0.0387168     N    0    0    0
  140.403   2.34005 0.0390008     N    0    0    0
  141.428   2.35713 0.0392855     N    0    0    0
  142.408   2.37347 0.0395579     N    0    0    0
  143.397   2.38995 0.0398326     N    0    0    0
  144.469   2.40782 0.0401304     N    0    0    0
  145.544   2.42574 0.0404290     N    0    0    0
  146.597   2.44329 0.0407215     N    0    0    0
  147.636   2.46060 0.0410100     N    0    0    0
  148.614   2.47690 0.0412816     N    0    0    0
  149.625   2.49375 0.0415625     N    0    0    0
  150.722   2.51204 0.0418673     N    0    0    0
  151.839   2.53065 0.0421775     N    0    0    0
  152.886   2.54810 0.0424684     N    0    0    0
  153.919   2.56532 0.0427554     N    0    0    0
  154.950   2.58250 0.0430417     N    0    0    0
  156.036   2.60060 0.0433434     N    0    0    0
  157.125   2.61875 0.0436458     N    0    0    0
  158.244   2.63741 0.0439568     N    0    0    0
  159.247   2.65412 0.0442353     N    0    0    0
  160.311   2.67185 0.0445309     N    0    0    0
  161.333   2.68889 0.0448148     N    0    0    0
  162.456   2.70759 0.0451265     N    0    0    0
  163.519   2.72532 0.0454221     N    0    0    0
  164.692   2.74486 0.0457477     N    0    0    0
  165.692   2.76153 0.0460255     N    0    0    0
  166.672   2.77787 0.0462978     N    0    0    0
  167.694   2.79491 0.0465818     N    0    0    0
  168.853   2.81421 0.0469035     N    0    0    0
  169.944   2.83241 0.0472068     N    0    0    0
  171.058   2.85097 0.0475162     N    0    0    0
  172.092   2.86819 0.0478032     N    0    0    0
  173.117   2.88528 0.0480880     N    0    0    0
  174.161   2.90269 0.0483781     N    0    0    0
  175.300   2.92167 0.0486944     N    0    0    0
  176.364   2.93940 0.0489900     N    0    0    0
  177.422   2.95704 0.0492840     N    0    0    0
  178.464   2.97440 0.0495733     N    0    0    0
  179.486   2.99144 0.0498573     N    0    0    0
  180.542   3.00903 0.0501505     N    0    0    0
  181.647   3.02745 0.0504576     N    0    0    0
  182.756   3.04593 0.0507654     N    0    0    0
  183.775   3.06292 0.0510486     N    0    0    0
  184.836   3.08060 0.0513434     N    0    0    0
  185.867   3.09778 0.0516296     N    0    0    0
  186.933   3.11556 0.0519259     N    0    0    0
  188.014   3.13356 0.0522261     N    0    0    0
  189.097   3.15162 0.0525270     N    0    0    0
  190.142   3.16903 0.0528171     N    0    0    0
  191.108   3.18514 0.0530856     N    0    0    0
  192.147   3.20245 0.0533742     N    0    0    0
  193.133   3.21889 0.0536481     N    0    0    0
  194.225   3.23708 0.0539514     N    0    0    0
  195.211   3.25352 0.0542253     N    0    0    0
  196.464   3.27440 0.0545733     N    0    0    0
  197.661   3.29435 0.0549059     N    0    0    0
  198.967   3.31611 0.0552685     N    0    0    0
  200.158   3.33597 0.0555995     N    0    0    0
  201.272   3.35454 0.0559090     N    0    0    0
  202.331   3.37218 0.0562029     N    0    0    0
  203.389   3.38981 0.0564969     N    0    0    0
  204.456   3.40759 0.0567932     N    0    0    0
  205.567   3.42611 0.0571019     N    0    0    0
  206.647   3.44412 0.0574020     N    0    0    0
  207.719   3.46199 0.0576998     N    0    0    0
  208.700   3.47833 0.0579722     N    0    0    0
  209.753   3.49588 0.0582647     N    0    0    0
  210.814   3.51356 0.0585594     N    0    0    0
  211.969   3.53282 0.0588804     N    0    0    0
  213.064   3.55106 0.0591844     N    0    0    0
  214.061   3.56769 0.0594614     N    0    0    0
  215.097   3.58495 0.0597492     N    0    0    0
  216.192   3.60319 0.0600532     N    0    0    0
  217.214   3.62023 0.0603372     N    0    0    0
  217.583   3.62639 0.0604398     ~    2    0    0
  218.311   3.63852 0.0606420     N    0    0    0
  219.381   3.65634 0.0609390     N    0    0    0
  220.383   3.67306 0.0612176     N    0    0    0
  221.456   3.69093 0.0615154     N    0    0    0
  222.533   3.70889 0.0618148     N    0    0    0
  223.589   3.72648 0.0621080     N    0    0    0
  224.611   3.74352 0.0623920     N    0    0    0
  225.603   3.76005 0.0626674     N    0    0    0
  226.547   3.77579 0.0629298     N    0    0    0
  227.503   3.79171 0.0631952     N    0    0    0
  228.558   3.80931 0.0634884     N    0    0    0
  229.653   3.82755 0.0637924     N    0    0    0
  230.928   3.84880 0.0641466     N    0    0    0
  232.069   3.86782 0.0644637     N    0    0    0
  232.844   3.88074 0.0646790     V    0    0    0
  234.333   3.90556 0.0650926     N    0    0    0
  235.581   3.92634 0.0654390     N    0    0    0
  236.736   3.94560 0.0657600     N    0    0    0
  237.731   3.96218 0.0660363     N    0    0    0
  238.794   3.97991 0.0663318     N    0    0    0
  239.769   3.99616 0.0666026     N    0    0    0
  240.861   4.01435 0.0669059     N    0    0    0
  241.883   4.03139 0.0671898     N    0    0    0
  242.961   4.04935 0.0674892     N    0    0    0
  243.992   4.06653 0.0677755     N    0    0    0
  245.044   4.08407 0.0680679     N    0    0    0
  246.106   4.10176 0.0683627     N    0    0    0
  247.186   4.11977 0.0686628     N    0    0    0
  248.364   4.13940 0.0689900     N    0    0    0
  248.658   4.14431 0.0690718     ~    0    0    0
  249.478   4.15796 0.0692994     N    0    0    0
  250.547   4.17579 0.0695965     N    0    0    0
  251.564   4.19273 0.0698789     N    0    0    0
  252.667   4.21111 0.0701852     N    0    0    0
  253.772   4.22954 0.0704923     N    0    0    0
  254.864   4.24773 0.0707955     N    0    0    0
  255.894   4.26491 0.0710818     N    0    0    0
  256.925   4.28208 0.0713681     N    0    0    0
  257.961   4.29935 0.0716559     N    0    0    0
  259.067   4.31778 0.0719630     N    0    0    0
  260.072   4.33454 0.0722423     N    0    0    0
  261.128   4.35213 0.0725355     N    0    0    0
  262.128   4.36880 0.0728133     N    0    0    0
  263.142   4.38569 0.0730949     N    0    0    0
  264.092   4.40153 0.0733588     N    0    0    0
  265.136   4.41894 0.0736489     N    0    0    0
  266.314   4.43856 0.0739761     N    0    0    0
  267.583   4.45972 0.0743287     N    0    0    0
  268.792   4.47986 0.0746644     N    0    0    0
  269.844   4.49741 0.0749568     N    0    0    0
  269.994   4.49991 0.0749985     |    2    0    0
  271.006   4.51676 0.0752793     N    0    0    0
  272.169   4.53616 0.0756026     N    0    0    0
  273.200   4.55333 0.0758889     N    0    0    0
  274.181   4.56968 0.0761613     N    0    0    0
  275.186   4.58644 0.0764406     N    0    0    0
  276.231   4.60384 0.0767307     N    0    0    0
  277.325   4.62208 0.0770347     N    0    0    0
  278.369   4.63949 0.0773248     N    0    0    0
  279.394   4.65657 0.0776096     N    0    0    0
  280.400   4.67333 0.0778889     N    0    0    0
  281.408   4.69014 0.0781690     N    0    0    0
  282.414   4.70690 0.0784483     N    0    0    0
  283.439   4.72398 0.0787330     N    0    0    0
  284.450   4.74083 0.0790139     N    0    0    0
  285.486   4.75810 0.0793017     N    0    0    0
  286.719   4.77866 0.0796443     N    0    0    0
  287.839   4.79731 0.0799552     N    0    0    0
  289.008   4.81681 0.0802801     N    0    0    0
  290.164   4.83606 0.0806011     N    0    0    0
  291.231   4.85384 0.0808974     N    0    0    0
  292.297   4.87162 0.0811937     N    0    0    0
  293.339   4.88898 0.0814830     N    0    0    0
  294.397   4.90662 0.0817770     N    0    0    0
  295.506   4.92509 0.0820849     N    0    0    0
  296.658   4.94431 0.0824051     N    0    0    0
  297.711   4.96185 0.0826975     N    0    0    0
  298.139   4.96898 0.0828164     V    3    0    0
  298.869   4.98116 0.0830193     N    0    0    0
  299.856   4.99759 0.0832932     N    0    0    0
  300.944   5.01574 0.0835957     N    0    0    0
  302.047   5.03412 0.0839020     N    0    0    0
  303.175   5.05292 0.0842153     N    0    0    0
  304.261   5.07102 0.0845170     N    0    0    0
  305.250   5.08750 0.0847917     N    0    0    0
  306.392   5.10653 0.0851088     N    0    0    0
  307.536   5.12560 0.0854267     N    0    0    0
  308.614   5.14356 0.0857261     N    0    0    0
  309.725   5.16208 0.0860347     N    0    0    0
  310.731   5.17884 0.0863140     N    0    0    0
  311.797   5.19662 0.0866103     N    0    0    0
  312.925   5.21542 0.0869236     N    0    0    0
  314.025   5.23375 0.0872292     N    0    0    0
  315.100   5.25167 0.0875278     N    0    0    0
  316.167   5.26944 0.0878241     N    0    0    0
  317.222   5.28704 0.0881173     N    0    0    0
  318.256   5.30426 0.0884043     N    0    0    0
  319.419   5.32366 0.0887276     N    0    0    0
  320.497   5.34162 0.0890270     N    0    0    0
  321.583   5.35972 0.0893287     N    0    0    0
  322.619   5.37699 0.0896165     N    0    0    0
  323.678   5.39463 0.0899105     N    0    0    0
  324.706   5.41176 0.0901960     N    0    0    0
  325.872   5.43120 0.0905201     N    0    0    0
  326.614   5.44356 0.0907261     |    2    0    0
  326.981   5.44968 0.0908279     N    0    0    0
  328.044   5.46741 0.0911235     N    0    0    0
  329.106   5.48509 0.0914182     N    0    0    0
  330.200   5.50333 0.0917222     N    0    0    0
  331.283   5.52139 0.0920231     N    0    0    0
  332.439   5.54065 0.0923441     N    0    0    0
  333.494   5.55824 0.0926373     N    0    0    0
  334.519   5.57532 0.0929221     N    0    0    0
  335.597   5.59329 0.0932215     N    0    0    0
  336.714   5.61190 0.0935316     N    0    0    0
  337.217   5.62028 0.0936713     |    2    0    0
  337.825   5.63042 0.0938403     N    0    0    0
  338.917   5.64861 0.0941435     N    0    0    0
  340.003   5.66671 0.0944452     N    0    0    0
  340.953   5.68255 0.0947091     N    0    0    0
  341.972   5.69954 0.0949923     N    0    0    0
  343.031   5.71718 0.0952863     N    0    0    0
  344.136   5.73560 0.0955934     N    0    0    0
  345.181   5.75301 0.0958835     N    0    0    0
  346.222   5.77037 0.0961728     N    0    0    0
  347.219   5.78699 0.0964498     N    0    0    0
  348.281   5.80468 0.0967446     N    0    0    0
  349.350   5.82250 0.0970417     N    0    0    0
  350.472   5.84120 0.0973534     N    0    0    0
  351.506   5.85843 0.0976404     N    0    0    0
  352.572   5.87620 0.0979367     N    0    0    0
  353.633   5.89389 0.0982315     N    0    0    0
  354.678   5.91130 0.0985216     N    0    0    0
  355.792   5.92986 0.0988310     N    0    0    0
  356.942   5.94903 0.0991505     N    0    0    0
  357.942   5.96569 0.0994282     N    0    0    0
  359.036   5.98394 0.0997323     N    0    0    0
  360.075   6.00125 0.1000208     N    0    0    0
  361.161   6.01935 0.1003225     N    0    0    0
  362.281   6.03801 0.1006335     N    0    0    0
  363.358   6.05597 0.1009329     N    0    0    0
  364.414   6.07356 0.1012261     N    0    0    0
  365.433   6.09056 0.1015093     N    0    0    0
  366.528   6.10880 0.1018133     N    0    0    0
  367.617   6.12694 0.1021157     N    0    0    0
  368.711   6.14519 0.1024198     N    0    0    0
  369.719   6.16199 0.1026998     N    0    0    0
  370.711   6.17852 0.1029753     N    0    0    0
  371.656   6.19426 0.1032377     N    0    0    0
  372.669   6.21116 0.1035193     N    0    0    0
  373.728   6.22880 0.1038133     N    0    0    0
  374.797   6.24662 0.1041103     N    0    0    0
  376.133   6.26889 0.1044815     N    0    0    0
  377.353   6.28921 0.1048202     N    0    0    0
  378.494   6.30824 0.1051373     N    0    0    0
  379.608   6.32681 0.1054468     N    0    0    0
  380.764   6.34606 0.1057677     N    0    0    0
  381.800   6.36333 0.1060556     N    0    0    0
  382.861   6.38102 0.1063503     N    0    0    0
  383.933   6.39889 0.1066481     N    0    0    0
  384.997   6.41662 0.1069437     N    0    0    0
  386.150   6.43583 0.1072639     N    0    0    0
  387.222   6.45370 0.1075617     N    0    0    0
  388.258   6.47097 0.1078495     N    0    0    0
  389.303   6.48838 0.1081397     N    0    0    0
  390.383   6.50639 0.1084398     N    0    0    0
  391.500   6.52500 0.1087500     N    0    0    0
  392.581   6.54301 0.1090502     N    0    0    0
  393.661   6.56102 0.1093503     N    0    0    0
  394.706   6.57843 0.1096404     N    0    0    0
  395.747   6.59579 0.1099298     N    0    0    0
  396.900   6.61500 0.1102500     N    0    0    0
  398.022   6.63370 0.1105617     N    0    0    0
  399.144   6.65241 0.1108735     N    0    0    0
  400.222   6.67037 0.1111728     N    0    0    0
  401.292   6.68819 0.1114699     N    0    0    0
  402.353   6.70588 0.1117647     N    0    0    0
  403.522   6.72537 0.1120895     N    0    0    0
  404.639   6.74398 0.1123997     N    0    0    0
  405.722   6.76204 0.1127006     N    0    0    0
  406.831   6.78051 0.1130085     N    0    0    0
  407.892   6.79819 0.1133032     N    0    0    0
  409.033   6.81722 0.1136204     N    0    0    0
  410.175   6.83625 0.1139375     N    0    0    0
  411.306   6.85509 0.1142515     N    0    0    0
  412.364   6.87273 0.1145455     N    0    0    0
  413.450   6.89083 0.1148472     N    0    0    0
  414.547   6.90912 0.1151520     N    0    0    0
  415.669   6.92782 0.1154637     N    0    0    0
  416.825   6.94708 0.1157847     N    0    0    0
  417.903   6.96505 0.1160841     N    0    0    0
  418.958   6.98264 0.1163773     N    0    0    0
  420.056   7.00093 0.1166821     N    0    0    0
  421.144   7.01907 0.1169846     N    0    0    0
  422.275   7.03792 0.1172986     N    0    0    0
  423.347   7.05579 0.1175965     N    0    0    0
  424.411   7.07352 0.1178920     N    0    0    0
  425.397   7.08995 0.1181659     N    0    0    0
  426.492   7.10819 0.1184699     N    0    0    0
  427.558   7.12597 0.1187662     N    0    0    0
  428.628   7.14380 0.1190633     N    0    0    0
  429.647   7.16079 0.1193465     N    0    0    0
  430.675   7.17792 0.1196319     N    0    0    0
  431.708   7.19514 0.1199190     N    0    0    0
  432.772   7.21287 0.1202145     N    0    0    0
  433.925   7.23208 0.1205347     N    0    0    0
  434.953   7.24921 0.1208202     N    0    0    0
  435.958   7.26597 0.1210995     N    0    0    0
  436.997   7.28329 0.1213881     N    0    0    0
  438.058   7.30097 0.1216829     N    0    0    0
  439.108   7.31847 0.1219745     N    0    0    0
  440.203   7.33671 0.1222785     N    0    0    0
  441.228   7.35380 0.1225633     N    0    0    0
  442.222   7.37037 0.1228395     N    0    0    0
  443.217   7.38694 0.1231157     N    0    0    0
  444.328   7.40546 0.1234244     N    0    0    0
  445.689   7.42815 0.1238025     N    0    0    0
  446.922   7.44870 0.1241451     N    0    0    0
  448.028   7.46713 0.1244522     N    0    0    0
  449.122   7.48537 0.1247562     N    0    0    0
  450.003   7.50005 0.1250008     ~    2    0    0
  450.178   7.50296 0.1250494     N    0    0    0
  451.286   7.52144 0.1253573     N    0    0    0
  452.328   7.53880 0.1256466     N    0    0    0
  452.889   7.54815 0.1258025     ~    0    0    0
  453.414   7.55690 0.1259483     N    0    0    0
  454.394   7.57324 0.1262207     N    0    0    0
  455.394   7.58991 0.1264985     N    0    0    0
  456.469   7.60782 0.1267971     N    0    0    0
  457.561   7.62602 0.1271003     N    0    0    0
  458.642   7.64403 0.1274005     N    0    0    0
  459.703   7.66171 0.1276952     N    0    0    0
  460.750   7.67917 0.1279861     N    0    0    0
  461.797   7.69662 0.1282770     N    0    0    0
  462.861   7.71435 0.1285725     N    0    0    0
  463.981   7.73301 0.1288835     N    0    0    0
  464.219   7.73699 0.1289498     |    2    0    0
  465.056   7.75093 0.1291821     N    0    0    0
  466.067   7.76778 0.1294630     N    0    0    0
  467.069   7.78449 0.1297415     N    0    0    0
  468.119   7.80199 0.1300332     N    0    0    0
  469.181   7.81968 0.1303279     N    0    0    0
  470.289   7.83815 0.1306358     N    0    0    0
  471.350   7.85583 0.1309306     N    0    0    0
  472.353   7.87255 0.1312091     N    0    0    0
  473.403   7.89005 0.1315008     N    0    0    0
  474.447   7.90745 0.1317909     N    0    0    0
  475.522   7.92537 0.1320895     N    0    0    0
  476.614   7.94356 0.1323927     N    0    0    0
  477.653   7.96088 0.1326813     N    0    0    0
  478.683   7.97806 0.1329676     N    0    0    0
  479.675   7.99458 0.1332431     N    0    0    0
  480.750   8.01250 0.1335417     N    0    0    0
  481.811   8.03019 0.1338364     N    0    0    0
  482.844   8.04741 0.1341235     N    0    0    0
  483.847   8.06412 0.1344020     N    0    0    0
  484.822   8.08037 0.1346728     N    0    0    0
  485.761   8.09602 0.1349336     N    0    0    0
  486.817   8.11361 0.1352269     N    0    0    0
  487.997   8.13329 0.1355548     N    0    0    0
  489.256   8.15426 0.1359043     N    0    0    0
  490.356   8.17259 0.1362099     N    0    0    0
  491.414   8.19023 0.1365039     N    0    0    0
  492.461   8.20769 0.1367948     N    0    0    0
  493.561   8.22602 0.1371003     N    0    0    0
  494.650   8.24417 0.1374028     N    0    0    0
  495.658   8.26097 0.1376829     N    0    0    0
  496.628   8.27713 0.1379522     N    0    0    0
  497.653   8.29421 0.1382369     N    0    0    0
  498.611   8.31019 0.1385031     N    0    0    0
  499.567   8.32611 0.1387685     N    0    0    0
  499.708   8.32847 0.1388079     ~    2    0    0
  500.114   8.33523 0.1389205     V    1    0    0
  500.511   8.34185 0.1390309     x    0    0    0
  501.725   8.36208 0.1393681     F    0    0    0
  501.978   8.36630 0.1394383     ~    0    0    0
  502.853   8.38088 0.1396813     N    0    0    0
  503.889   8.39815 0.1399691     N    0    0    0
  504.972   8.41620 0.1402701     N    0    0    0
  505.994   8.43324 0.1405540     N    0    0    0
  507.100   8.45167 0.1408611     N    0    0    0
  508.111   8.46852 0.1411420     N    0    0    0
  509.092   8.48486 0.1414144     N    0    0    0
  510.133   8.50222 0.1417037     N    0    0    0
  511.217   8.52028 0.1420046     N    0    0    0
  512.272   8.53787 0.1422978     N    0    0    0
  513.322   8.55537 0.1425895     N    0    0    0
  514.344   8.57241 0.1428735     N    0    0    0
  515.300   8.58833 0.1431389     N    0    0    0
  516.314   8.60523 0.1434205     N    0    0    0
  517.656   8.62759 0.1437932     N    0    0    0
  518.911   8.64852 0.1441420     N    0    0    0
  520.036   8.66727 0.1444545     N    0    0    0
  521.114   8.68523 0.1447539     N    0    0    0
  522.161   8.70269 0.1450448     N    0    0    0
  523.244   8.72074 0.1453457     N    0    0    0
  524.375   8.73958 0.1456597     N    0    0    0
  525.411   8.75685 0.1459475     N    0    0    0
  526.394   8.77324 0.1462207     N    0    0    0
  527.433   8.79056 0.1465093     N    0    0    0
  528.431   8.80718 0.1467863     N    0    0    0
  529.497   8.82495 0.1470826     N    0    0    0
  530.564   8.84273 0.1473789     N    0    0    0
  531.561   8.85935 0.1476559     N    0    0    0
  532.492   8.87486 0.1479144     N    0    0    0
  533.497   8.89162 0.1481937     N    0    0    0
  534.525   8.90875 0.1484792     N    0    0    0
  535.781   8.92968 0.1488279     N    0    0    0
  537.061   8.95102 0.1491836     N    0    0    0
  537.647   8.96079 0.1493465     V    0    0    0
  538.044   8.96741 0.1494568     x    0    0    0
  539.258   8.98764 0.1497940     N    0    0    0
  540.425   9.00708 0.1501181     N    0    0    0
  541.511   9.02519 0.1504198     N    0    0    0
  542.553   9.04255 0.1507091     N    0    0    0
  543.600   9.06000 0.1510000     N    0    0    0
  544.644   9.07741 0.1512901     N    0    0    0
  545.647   9.09412 0.1515687     N    0    0    0
  546.675   9.11125 0.1518542     N    0    0    0
  547.722   9.12870 0.1521451     N    0    0    0
  548.750   9.14583 0.1524306     N    0    0    0
  549.739   9.16231 0.1527052     N    0    0    0
  551.031   9.18384 0.1530640     N    0    0    0
  552.294   9.20491 0.1534151     N    0    0    0
  553.447   9.22412 0.1537353     N    0    0    0
  554.611   9.24352 0.1540586     N    0    0    0
  555.681   9.26134 0.1543557     N    0    0    0
  556.708   9.27847 0.1546412     N    0    0    0
  557.756   9.29593 0.1549321     N    0    0    0
  558.853   9.31421 0.1552369     N    0    0    0
  559.928   9.33213 0.1555355     N    0    0    0
  561.031   9.35051 0.1558418     N    0    0    0
  562.061   9.36769 0.1561281     N    0    0    0
  563.067   9.38444 0.1564074     N    0    0    0
  564.094   9.40157 0.1566929     N    0    0    0
  565.186   9.41977 0.1569961     N    0    0    0
  566.208   9.43681 0.1572801     N    0    0    0
  567.261   9.45435 0.1575725     N    0    0    0
  568.356   9.47259 0.1578765     N    0    0    0
  569.619   9.49366 0.1582276     N    0    0    0
  570.819   9.51366 0.1585610     N    0    0    0
  571.475   9.52458 0.1587431     V    0    0    0
  573.069   9.55116 0.1591860     N    0    0    0
  574.178   9.56963 0.1594938     N    0    0    0
  575.181   9.58634 0.1597724     N    0    0    0
  576.206   9.60343 0.1600571     N    0    0    0
  577.253   9.62088 0.1603480     N    0    0    0
  578.347   9.63912 0.1606520     N    0    0    0
  579.372   9.65620 0.1609367     N    0    0    0
  580.358   9.67264 0.1612106     N    0    0    0
  581.369   9.68949 0.1614915     N    0    0    0
  582.358   9.70597 0.1617662     N    0    0    0
  583.378   9.72296 0.1620494     N    0    0    0
  584.611   9.74352 0.1623920     N    0    0    0
  585.797   9.76329 0.1627215     N    0    0    0
  586.847   9.78079 0.1630131     N    0    0    0
  587.889   9.79815 0.1633025     N    0    0    0
  588.931   9.81551 0.1635918     N    0    0    0
  590.011   9.83352 0.1638920     N    0    0    0
  591.136   9.85227 0.1642045     N    0    0    0
  592.194   9.86991 0.1644985     N    0    0    0
  593.186   9.88644 0.1647739     N    0    0    0
  594.281   9.90468 0.1650779     N    0    0    0
  595.367   9.92278 0.1653796     N    0    0    0
  596.417   9.94028 0.1656713     N    0    0    0
  597.483   9.95806 0.1659676     N    0    0    0
  598.525   9.97542 0.1662569     N    0    0    0
  599.547   9.99245 0.1665409     N    0    0    0
  600.597  10.00995 0.1668326     N    0    0    0
  601.719  10.02866 0.1671443     N    0    0    0
  602.761  10.04602 0.1674336     N    0    0    0
  603.761  10.06269 0.1677114     N    0    0    0
  604.800  10.08000 0.1680000     N    0    0    0
  605.758  10.09597 0.1682662     N    0    0    0
  606.778  10.11296 0.1685494     N    0    0    0
  608.072  10.13454 0.1689090     N    0    0    0
  609.403  10.15671 0.1692785     N    0    0    0
  610.572  10.17620 0.1696034     N    0    0    0
  611.686  10.19477 0.1699128     N    0    0    0
  612.769  10.21282 0.1702137     N    0    0    0
  613.858  10.23097 0.1705162     N    0    0    0
  614.461  10.24102 0.1706836     V    3    0    0
  614.742  10.24569 0.1707616     x    0    0    0
  615.939  10.26565 0.1710941     N    0    0    0
  616.903  10.28171 0.1713619     N    0    0    0
  617.908  10.29847 0.1716412     N    0    0    0
  618.903  10.31505 0.1719174     N    0    0    0
  620.042  10.33403 0.1722338     N    0    0    0
  621.289  10.35481 0.1725802     N    0    0    0
  622.364  10.37273 0.1728789     N    0    0    0
  623.433  10.39056 0.1731759     N    0    0    0
  624.503  10.40838 0.1734730     N    0    0    0
  625.628  10.42713 0.1737855     N    0    0    0
  626.697  10.44495 0.1740826     N    0    0    0
  627.775  10.46292 0.1743819     N    0    0    0
  628.803  10.48005 0.1746674     N    0    0    0
  629.839  10.49731 0.1749552     N    0    0    0
  630.911  10.51519 0.1752531     N    0    0    0
  632.028  10.53380 0.1755633     N    0    0    0
  633.053  10.55088 0.1758480     N    0    0    0
  634.094  10.56824 0.1761373     N    0    0    0
  635.094  10.58491 0.1764151     N    0    0    0
  636.125  10.60208 0.1767014     N    0    0    0
  637.167  10.61944 0.1769907     N    0    0    0
  638.208  10.63681 0.1772801     N    0    0    0
  639.261  10.65435 0.1775725     N    0    0    0
  640.225  10.67042 0.1778403     N    0    0    0
  641.522  10.69204 0.1782006     N    0    0    0
  642.697  10.71162 0.1785270     N    0    0    0
  643.842  10.73069 0.1788449     N    0    0    0
  644.947  10.74912 0.1791520     N    0    0    0
  646.072  10.76787 0.1794645     N    0    0    0
  647.122  10.78537 0.1797562     N    0    0    0
  648.256  10.80426 0.1800710     N    0    0    0
  649.300  10.82167 0.1803611     N    0    0    0
  650.381  10.83968 0.1806613     N    0    0    0
  651.433  10.85722 0.1809537     N    0    0    0
  652.411  10.87352 0.1812253     N    0    0    0
  653.417  10.89028 0.1815046     N    0    0    0
  654.425  10.90708 0.1817847     N    0    0    0
  655.556  10.92593 0.1820988     N    0    0    0
  656.611  10.94352 0.1823920     N    0    0    0
  657.639  10.96065 0.1826775     N    0    0    0
  658.678  10.97796 0.1829660     N    0    0    0
  659.686  10.99477 0.1832461     N    0    0    0
  660.664  11.01106 0.1835177     N    0    0    0
  661.950  11.03250 0.1838750     N    0    0    0
  663.339  11.05565 0.1842608     N    0    0    0
  664.458  11.07431 0.1845718     N    0    0    0
  665.667  11.09444 0.1849074     N    0    0    0
  666.733  11.11222 0.1852037     N    0    0    0
  667.906  11.13176 0.1855293     N    0    0    0
  669.047  11.15079 0.1858465     N    0    0    0
  670.056  11.16759 0.1861265     N    0    0    0
  671.075  11.18458 0.1864097     N    0    0    0
  672.183  11.20306 0.1867176     N    0    0    0
  673.292  11.22153 0.1870255     N    0    0    0
  674.406  11.24009 0.1873349     N    0    0    0
  675.450  11.25750 0.1876250     N    0    0    0
  676.442  11.27403 0.1879005     N    0    0    0
  677.447  11.29079 0.1881798     N    0    0    0
  678.483  11.30806 0.1884676     N    0    0    0
  679.597  11.32662 0.1887770     N    0    0    0
  680.658  11.34431 0.1890718     N    0    0    0
  681.742  11.36236 0.1893727     N    0    0    0
  682.728  11.37880 0.1896466     N    0    0    0
  683.753  11.39588 0.1899313     N    0    0    0
  684.839  11.41398 0.1902330     N    0    0    0
  685.967  11.43278 0.1905463     N    0    0    0
  687.058  11.45097 0.1908495     N    0    0    0
  688.144  11.46907 0.1911512     N    0    0    0
  689.206  11.48676 0.1914460     N    0    0    0
  690.286  11.50477 0.1917461     N    0    0    0
  691.411  11.52352 0.1920586     N    0    0    0
  692.533  11.54222 0.1923704     N    0    0    0
  693.578  11.55963 0.1926605     N    0    0    0
  694.594  11.57657 0.1929429     N    0    0    0
  695.653  11.59421 0.1932369     N    0    0    0
  696.728  11.61213 0.1935355     N    0    0    0
  697.833  11.63056 0.1938426     N    0    0    0
  698.906  11.64843 0.1941404     N    0    0    0
  699.925  11.66542 0.1944236     N    0    0    0
  700.892  11.68153 0.1946921     N    0    0    0
  701.883  11.69806 0.1949676     N    0    0    0
  702.572  11.70954 0.1951590     ~    2    0    0
  702.858  11.71431 0.1952384     N    0    0    0
  703.942  11.73236 0.1955394     N    0    0    0
  705.203  11.75338 0.1958897     N    0    0    0
  706.056  11.76759 0.1961265     ~    0    0    0
  706.275  11.77125 0.1961875     N    0    0    0
  707.286  11.78810 0.1964684     N    0    0    0
  708.394  11.80657 0.1967762     N    0    0    0
  709.478  11.82463 0.1970772     N    0    0    0
  710.547  11.84245 0.1973742     N    0    0    0
  711.547  11.85912 0.1976520     N    0    0    0
  712.517  11.87528 0.1979213     N    0    0    0
  713.450  11.89083 0.1981806     N    0    0    0
  714.408  11.90681 0.1984468     N    0    0    0
  715.597  11.92662 0.1987770     N    0    0    0
  716.544  11.94241 0.1990401     N    0    0    0
  717.503  11.95838 0.1993063     N    0    0    0
  718.414  11.97356 0.1995594     N    0    0    0
  719.694  11.99491 0.1999151     N    0    0    0
  720.806  12.01343 0.2002238     N    0    0    0
  722.028  12.03380 0.2005633     N    0    0    0
  723.083  12.05139 0.2008565     N    0    0    0
  724.069  12.06782 0.2011304     N    0    0    0
  725.050  12.08417 0.2014028     N    0    0    0
  726.072  12.10120 0.2016867     N    0    0    0
  727.069  12.11782 0.2019637     N    0    0    0
  728.094  12.13491 0.2022485     N    0    0    0
  729.094  12.15157 0.2025262     N    0    0    0
  730.439  12.17398 0.2028997     N    0    0    0
  731.089  12.18481 0.2030802     A    0    0    0
  732.417  12.20694 0.2034491     N    0    0    0
  733.850  12.23083 0.2038472     N    0    0    0
  734.875  12.24792 0.2041319     N    0    0    0
  735.969  12.26616 0.2044360     N    0    0    0
  736.986  12.28310 0.2047184     N    0    0    0
  738.003  12.30005 0.2050008     N    0    0    0
  739.117  12.31861 0.2053102     N    0    0    0
  740.203  12.33671 0.2056119     N    0    0    0
  741.244  12.35407 0.2059012     N    0    0    0
  742.253  12.37088 0.2061813     N    0    0    0
  743.214  12.38690 0.2064483     N    0    0    0
  744.253  12.40421 0.2067369     N    0    0    0
  745.861  12.43102 0.2071836     N    0    0    0
  746.381  12.43968 0.2073279     V    4    0    0
  747.156  12.45259 0.2075432     N    0    0    0
  748.244  12.47074 0.2078457     N    0    0    0
  749.394  12.48991 0.2081651     N    0    0    0
  750.489  12.50815 0.2084691     N    0    0    0
  751.594  12.52657 0.2087762     N    0    0    0
  752.744  12.54574 0.2090957     N    0    0    0
  753.814  12.56356 0.2093927     N    0    0    0
  754.858  12.58097 0.2096829     N    0    0    0
  755.914  12.59856 0.2099761     N    0    0    0
  757.000  12.61667 0.2102778     N    0    0    0
  758.072  12.63454 0.2105756     N    0    0    0
  759.103  12.65171 0.2108619     N    0    0    0
  760.092  12.66819 0.2111366     N    0    0    0
  761.081  12.68468 0.2114113     N    0    0    0
  762.364  12.70606 0.2117677     N    0    0    0
  763.594  12.72657 0.2121096     N    0    0    0
  764.725  12.74542 0.2124236     N    0    0    0
  765.797  12.76329 0.2127215     N    0    0    0
  766.811  12.78019 0.2130031     N    0    0    0
  767.158  12.78597 0.2130995     ~    2    0    0
  767.861  12.79769 0.2132948     N    0    0    0
  768.933  12.81556 0.2135926     N    0    0    0
  769.961  12.83269 0.2138781     N    0    0    0
  771.014  12.85023 0.2141705     N    0    0    0
  771.958  12.86597 0.2144329     N    0    0    0
  772.381  12.87301 0.2145502     ~    0    0    0
  773.025  12.88375 0.2147292     N    0    0    0
  774.047  12.90079 0.2150131     N    0    0    0
  775.133  12.91889 0.2153148     N    0    0    0
  776.200  12.93667 0.2156111     N    0    0    0
  777.203  12.95338 0.2158897     N    0    0    0
  778.181  12.96968 0.2161613     N    0    0    0
  779.167  12.98611 0.2164352     N    0    0    0
  779.208  12.98681 0.2164468     |    2    0    0
  780.400  13.00667 0.2167778     N    0    0    0
  781.719  13.02866 0.2171443     N    0    0    0
  782.958  13.04931 0.2174884     N    0    0    0
  784.031  13.06718 0.2177863     N    0    0    0
  785.092  13.08486 0.2180810     N    0    0    0
  786.194  13.10324 0.2183873     N    0    0    0
  787.325  13.12208 0.2187014     N    0    0    0
  788.419  13.14032 0.2190054     N    0    0    0
  789.503  13.15838 0.2193063     N    0    0    0
  790.536  13.17560 0.2195934     N    0    0    0
  791.542  13.19236 0.2198727     N    0    0    0
  792.639  13.21065 0.2201775     N    0    0    0
  793.722  13.22870 0.2204784     N    0    0    0
  794.800  13.24667 0.2207778     N    0    0    0
  795.822  13.26370 0.2210617     N    0    0    0
  796.836  13.28060 0.2213434     N    0    0    0
  797.858  13.29764 0.2216273     N    0    0    0
  798.928  13.31546 0.2219244     N    0    0    0
  799.986  13.33310 0.2222184     N    0    0    0
  800.969  13.34949 0.2224915     N    0    0    0
  802.058  13.36764 0.2227940     N    0    0    0
  803.222  13.38704 0.2231173     N    0    0    0
  804.344  13.40574 0.2234290     N    0    0    0
  805.400  13.42333 0.2237222     N    0    0    0
  806.456  13.44093 0.2240154     N    0    0    0
  807.439  13.45731 0.2242886     N    0    0    0
  808.403  13.47338 0.2245563     N    0    0    0
  809.392  13.48986 0.2248310     N    0    0    0
  810.364  13.50606 0.2251011     N    0    0    0
  811.406  13.52343 0.2253904     N    0    0    0
  812.458  13.54097 0.2256829     N    0    0    0
  813.461  13.55769 0.2259614     N    0    0    0
  814.086  13.56810 0.2261350     ~    2    0    0
  814.439  13.57398 0.2262330     N    0    0    0
  815.431  13.59051 0.2265085     N    0    0    0
  816.497  13.60829 0.2268048     N    0    0    0
  817.500  13.62500 0.2270833     N    0    0    0
  818.531  13.64218 0.2273696     N    0    0    0
  818.886  13.64810 0.2274684     ~    0    0    0
  819.553  13.65921 0.2276535     N    0    0    0
  820.531  13.67551 0.2279252     N    0    0    0
  821.497  13.69162 0.2281937     N    0    0    0
  822.569  13.70949 0.2284915     N    0    0    0
  823.650  13.72750 0.2287917     N    0    0    0
  824.725  13.74542 0.2290903     N    0    0    0
  825.733  13.76222 0.2293704     N    0    0    0
  826.744  13.77907 0.2296512     N    0    0    0
  827.728  13.79546 0.2299244     N    0    0    0
  828.764  13.81273 0.2302122     N    0    0    0
  829.839  13.83065 0.2305108     N    0    0    0
  831.011  13.85019 0.2308364     N    0    0    0
  832.197  13.86995 0.2311659     N    0    0    0
  833.311  13.88852 0.2314753     N    0    0    0
  834.389  13.90648 0.2317747     N    0    0    0
  835.506  13.92509 0.2320849     N    0    0    0
  836.631  13.94384 0.2323974     N    0    0    0
  836.728  13.94546 0.2324244     ~    2    0    0
  837.642  13.96069 0.2326782     N    0    0    0
  838.486  13.97477 0.2329128     ~    0    0    0
  838.603  13.97671 0.2329452     N    0    0    0
  839.736  13.99560 0.2332600     N    0    0    0
  840.878  14.01463 0.2335772     N    0    0    0
  841.986  14.03310 0.2338850     N    0    0    0
  843.083  14.05139 0.2341898     N    0    0    0
  844.128  14.06880 0.2344799     N    0    0    0
  845.142  14.08569 0.2347616     N    0    0    0
  846.197  14.10329 0.2350548     N    0    0    0
  847.256  14.12093 0.2353488     N    0    0    0
  848.256  14.13759 0.2356265     N    0    0    0
  849.308  14.15514 0.2359190     N    0    0    0
  850.339  14.17231 0.2362052     N    0    0    0
  851.881  14.19801 0.2366335     N    0    0    0
  852.672  14.21120 0.2368534     N    0    0    0
  853.833  14.23056 0.2371759     N    0    0    0
  854.942  14.24903 0.2374838     N    0    0    0
  856.056  14.26759 0.2377932     N    0    0    0
  857.081  14.28468 0.2380779     N    0    0    0
  858.139  14.30231 0.2383719     N    0    0    0
  859.236  14.32060 0.2386767     N    0    0    0
  860.314  14.33856 0.2389761     N    0    0    0
  861.328  14.35546 0.2392577     N    0    0    0
  862.347  14.37245 0.2395409     N    0    0    0
  863.350  14.38917 0.2398194     N    0    0    0
  864.344  14.40574 0.2400957     N    0    0    0
  865.375  14.42292 0.2403819     N    0    0    0
  865.792  14.42986 0.2404977     ~    3    0    0
  866.631  14.44384 0.2407307     N    0    0    0
  867.842  14.46403 0.2410671     N    0    0    0
  868.411  14.47352 0.2412253     ~    1    0    0
  868.994  14.48324 0.2413873     N    0    0    0
  869.292  14.48819 0.2414699     ~    0    0    0
  870.106  14.50176 0.2416960     N    0    0    0
  871.250  14.52083 0.2420139     N    0    0    0
  872.375  14.53958 0.2423264     N    0    0    0
  873.453  14.55755 0.2426258     N    0    0    0
  874.492  14.57486 0.2429144     N    0    0    0
  875.506  14.59176 0.2431960     N    0    0    0
  876.681  14.61134 0.2435224     N    0    0    0
  877.769  14.62949 0.2438248     N    0    0    0
  878.847  14.64745 0.2441242     N    0    0    0
  879.928  14.66546 0.2444244     N    0    0    0
  880.939  14.68231 0.2447052     N    0    0    0
  882.028  14.70046 0.2450077     N    0    0    0
  883.142  14.71903 0.2453171     N    0    0    0
  884.231  14.73718 0.2456196     N    0    0    0
  885.244  14.75407 0.2459012     N    0    0    0
  886.375  14.77292 0.2462153     N    0    0    0
  887.408  14.79014 0.2465023     N    0    0    0
  888.511  14.80852 0.2468086     N    0    0    0
  889.617  14.82694 0.2471157     N    0    0    0
  890.733  14.84556 0.2474259     N    0    0    0
  891.786  14.86310 0.2477184     N    0    0    0
  892.808  14.88014 0.2480023     N    0    0    0
  893.861  14.89769 0.2482948     N    0    0    0
  894.936  14.91560 0.2485934     N    0    0    0
  896.050  14.93417 0.2489028     N    0    0    0
  897.092  14.95153 0.2491921     N    0    0    0
  898.128  14.96880 0.2494799     N    0    0    0
  899.153  14.98588 0.2497647     N    0    0    0
  900.214  15.00356 0.2500594     N    0    0    0
  901.261  15.02102 0.2503503     N    0    0    0
  902.428  15.04046 0.2506744     N    0    0    0
  903.486  15.05810 0.2509684     N    0    0    0
  904.453  15.07421 0.2512369     N    0    0    0
  905.569  15.09282 0.2515471     N    0    0    0
  906.644  15.11074 0.2518457     N    0    0    0
  907.167  15.11944 0.2519907     V    3    0    0
  907.497  15.12495 0.2520826     x    0    0    0
  908.781  15.14634 0.2524390     N    0    0    0
  909.842  15.16403 0.2527338     N    0    0    0
  910.833  15.18056 0.2530093     N    0    0    0
  911.853  15.19755 0.2532924     N    0    0    0
  912.911  15.21519 0.2535864     N    0    0    0
  913.986  15.23310 0.2538850     N    0    0    0
  915.003  15.25005 0.2541674     N    0    0    0
  915.986  15.26644 0.2544406     N    0    0    0
  916.989  15.28315 0.2547191     N    0    0    0
  918.025  15.30042 0.2550069     N    0    0    0
  919.447  15.32412 0.2554020     N    0    0    0
  920.733  15.34556 0.2557593     N    0    0    0
  921.856  15.36426 0.2560710     N    0    0    0
  922.956  15.38259 0.2563765     N    0    0    0
  924.006  15.40009 0.2566682     N    0    0    0
  925.111  15.41852 0.2569753     N    0    0    0
  926.225  15.43708 0.2572847     N    0    0    0
  927.308  15.45514 0.2575856     N    0    0    0
  928.306  15.47176 0.2578627     N    0    0    0
  928.367  15.47278 0.2578796     ~    2    0    0
  928.789  15.47981 0.2579969     ~    3    0    0
  929.369  15.48949 0.2581582     N    0    0    0
  930.425  15.50708 0.2584514     N    0    0    0
  931.483  15.52472 0.2587454     N    0    0    0
  932.561  15.54269 0.2590448     N    0    0    0
  933.594  15.55991 0.2593318     N    0    0    0
  934.175  15.56958 0.2594931     ~    2    0    0
  934.531  15.57551 0.2595918     N    0    0    0
  934.689  15.57815 0.2596358     ~    0    0    0
  935.500  15.59167 0.2598611     N    0    0    0
  936.544  15.60907 0.2601512     N    0    0    0
  937.861  15.63102 0.2605170     N    0    0    0
  939.081  15.65134 0.2608557     N    0    0    0
  940.244  15.67074 0.2611790     N    0    0    0
  941.361  15.68935 0.2614892     N    0    0    0
  942.472  15.70787 0.2617978     N    0    0    0
  943.628  15.72713 0.2621188     N    0    0    0
  944.719  15.74532 0.2624221     N    0    0    0
  945.781  15.76301 0.2627168     N    0    0    0
  946.806  15.78009 0.2630015     N    0    0    0
  947.872  15.79787 0.2632978     N    0    0    0
  948.917  15.81528 0.2635880     N    0    0    0
  950.042  15.83403 0.2639005     N    0    0    0
  951.061  15.85102 0.2641836     N    0    0    0
  952.097  15.86829 0.2644715     N    0    0    0
  953.089  15.88481 0.2647469     N    0    0    0
  954.136  15.90227 0.2650378     N    0    0    0
  955.197  15.91995 0.2653326     N    0    0    0
  956.253  15.93755 0.2656258     N    0    0    0
  957.336  15.95560 0.2659267     N    0    0    0
  958.831  15.98051 0.2663418     N    0    0    0
  960.064  16.00106 0.2666844     N    0    0    0
  961.256  16.02093 0.2670154     N    0    0    0
  962.353  16.03921 0.2673202     N    0    0    0
  963.481  16.05801 0.2676335     N    0    0    0
  964.489  16.07481 0.2679136     N    0    0    0
  965.514  16.09190 0.2681983     N    0    0    0
  966.600  16.11000 0.2685000     N    0    0    0
  967.686  16.12810 0.2688017     N    0    0    0
  968.756  16.14593 0.2690988     N    0    0    0
  969.803  16.16338 0.2693897     N    0    0    0
  970.808  16.18014 0.2696690     N    0    0    0
  971.819  16.19699 0.2699498     N    0    0    0
  972.889  16.21481 0.2702469     N    0    0    0
  973.989  16.23315 0.2705525     N    0    0    0
  975.025  16.25042 0.2708403     N    0    0    0
  976.108  16.26847 0.2711412     N    0    0    0
  977.122  16.28537 0.2714228     N    0    0    0
  978.161  16.30269 0.2717114     N    0    0    0
  979.253  16.32088 0.2720147     N    0    0    0
  980.336  16.33894 0.2723156     N    0    0    0
  981.375  16.35625 0.2726042     N    0    0    0
  982.386  16.37310 0.2728850     N    0    0    0
  983.442  16.39069 0.2731782     N    0    0    0
  984.517  16.40861 0.2734769     N    0    0    0
  985.614  16.42690 0.2737816     N    0    0    0
  986.750  16.44583 0.2740972     N    0    0    0
  987.789  16.46315 0.2743858     N    0    0    0
  988.825  16.48042 0.2746736     N    0    0    0
  989.897  16.49829 0.2749715     N    0    0    0
  990.992  16.51653 0.2752755     N    0    0    0
  992.089  16.53481 0.2755802     N    0    0    0
  993.125  16.55208 0.2758681     N    0    0    0
  994.164  16.56940 0.2761566     N    0    0    0
  995.244  16.58741 0.2764568     N    0    0    0
  996.344  16.60574 0.2767623     N    0    0    0
  997.464  16.62440 0.2770733     N    0    0    0
  998.614  16.64356 0.2773927     N    0    0    0
  999.653  16.66088 0.2776813     N    0    0    0
 1000.722  16.67870 0.2779784     N    0    0    0
 1001.833  16.69722 0.2782870     N    0    0    0
 1002.917  16.71528 0.2785880     N    0    0    0
 1004.033  16.73389 0.2788981     N    0    0    0
 1005.150  16.75250 0.2792083     N    0    0    0
 1006.208  16.77014 0.2795023     N    0    0    0
 1007.300  16.78833 0.2798056     N    0    0    0
 1008.333  16.80556 0.2800926     N    0    0    0
 1009.464  16.82440 0.2804066     N    0    0    0
 1010.578  16.84296 0.2807160     N    0    0    0
 1011.619  16.86032 0.2810054     N    0    0    0
 1012.653  16.87755 0.2812924     N    0    0    0
 1013.697  16.89495 0.2815826     N    0    0    0
 1014.761  16.91269 0.2818781     N    0    0    0
 1015.828  16.93046 0.2821744     N    0    0    0
 1016.917  16.94861 0.2824769     N    0    0    0
 1017.647  16.96079 0.2826798     ~    2    0    0
 1017.925  16.96542 0.2827569     N    0    0    0
 1018.917  16.98194 0.2830324     N    0    0    0
 1019.958  16.99931 0.2833218     N    0    0    0
 1021.006  17.01676 0.2836127     N    0    0    0
 1021.967  17.03278 0.2838796     N    0    0    0
 1023.053  17.05088 0.2841813     N    0    0    0
 1024.014  17.06690 0.2844483     N    0    0    0
 1025.008  17.08347 0.2847245     N    0    0    0
 1026.294  17.10491 0.2850818     N    0    0    0
 1027.517  17.12528 0.2854213     N    0    0    0
 1028.642  17.14403 0.2857338     N    0    0    0
 1029.625  17.16042 0.2860069     N    0    0    0
 1030.719  17.17866 0.2863110     N    0    0    0
 1031.747  17.19579 0.2865965     N    0    0    0
 1032.842  17.21403 0.2869005     N    0    0    0
 1033.964  17.23273 0.2872122     N    0    0    0
 1035.044  17.25074 0.2875123     N    0    0    0
 1036.047  17.26745 0.2877909     N    0    0    0
 1037.089  17.28481 0.2880802     N    0    0    0
 1037.547  17.29245 0.2882076     ~    0    0    0
 1038.094  17.30157 0.2883596     N    0    0    0
 1039.169  17.31949 0.2886582     N    0    0    0
 1040.233  17.33722 0.2889537     N    0    0    0
 1041.256  17.35426 0.2892377     N    0    0    0
 1042.219  17.37032 0.2895054     N    0    0    0
 1043.206  17.38676 0.2897793     N    0    0    0
 1044.269  17.40449 0.2900748     N    0    0    0
 1045.431  17.42384 0.2903974     N    0    0    0
 1046.503  17.44171 0.2906952     N    0    0    0
 1047.522  17.45870 0.2909784     N    0    0    0
 1048.469  17.47449 0.2912415     N    0    0    0
 1049.414  17.49023 0.2915039     N    0    0    0
 1050.397  17.50662 0.2917770     N    0    0    0
 1051.372  17.52287 0.2920478     N    0    0    0
 1052.344  17.53907 0.2923179     N    0    0    0
 1053.292  17.55486 0.2925810     N    0    0    0
 1053.764  17.56273 0.2927122     ~    2    0    0
 1054.239  17.57065 0.2928441     N    0    0    0
 1055.161  17.58602 0.2931003     N    0    0    0
 1056.119  17.60199 0.2933665     N    0    0    0
 1057.094  17.61824 0.2936373     N    0    0    0
 1058.044  17.63407 0.2939012     N    0    0    0
 1058.981  17.64968 0.2941613     N    0    0    0
 1059.894  17.66491 0.2944151     N    0    0    0
 1060.794  17.67991 0.2946651     N    0    0    0
 1061.692  17.69486 0.2949144     N    0    0    0
 1062.639  17.71065 0.2951775     N    0    0    0
 1063.642  17.72736 0.2954560     N    0    0    0
 1064.603  17.74338 0.2957230     N    0    0    0
 1065.553  17.75921 0.2959869     N    0    0    0
 1066.481  17.77468 0.2962446     N    0    0    0
 1067.431  17.79051 0.2965085     N    0    0    0
 1068.378  17.80630 0.2967716     N    0    0    0
 1069.356  17.82259 0.2970432     N    0    0    0
 1070.328  17.83880 0.2973133     N    0    0    0
 1071.239  17.85398 0.2975664     N    0    0    0
 1072.142  17.86903 0.2978171     N    0    0    0
 1073.031  17.88384 0.2980640     N    0    0    0
 1073.972  17.89954 0.2983256     N    0    0    0
 1074.903  17.91505 0.2985841     N    0    0    0
 1075.847  17.93079 0.2988465     N    0    0    0
 1076.789  17.94648 0.2991080     N    0    0    0
 1077.633  17.96056 0.2993426     N    0    0    0
 1078.522  17.97537 0.2995895     N    0    0    0
 1079.389  17.98981 0.2998302     N    0    0    0
 1080.300  18.00500 0.3000833     N    0    0    0
 1081.200  18.02000 0.3003333     N    0    0    0
 1082.092  18.03486 0.3005810     N    0    0    0
 1083.008  18.05014 0.3008356     N    0    0    0
 1083.892  18.06486 0.3010810     N    0    0    0
 1084.728  18.07880 0.3013133     N    0    0    0
 1085.681  18.09468 0.3015779     N    0    0    0
 1086.650  18.11083 0.3018472     N    0    0    0
 1087.650  18.12750 0.3021250     N    0    0    0
 1088.589  18.14315 0.3023858     N    0    0    0
 1089.528  18.15880 0.3026466     N    0    0    0
 1090.431  18.17384 0.3028974     N    0    0    0
 1091.242  18.18736 0.3031227     F    0    0    0
 1091.822  18.19704 0.3032840     V    4    0    0
 1092.000  18.20000 0.3033333     x    0    0    0
 1093.114  18.21856 0.3036427     N    0    0    0
 1094.028  18.23380 0.3038966     N    0    0    0
 1094.883  18.24806 0.3041343     N    0    0    0
 1095.667  18.26111 0.3043519     N    0    0    0
 1096.533  18.27556 0.3045926     N    0    0    0
 1097.078  18.28463 0.3047438     ~    0    0    0
 1097.403  18.29005 0.3048341     N    0    0    0
 1098.244  18.30407 0.3050679     N    0    0    0
 1099.131  18.31884 0.3053140     N    0    0    0
 1100.011  18.33352 0.3055586     N    0    0    0
 1100.869  18.34782 0.3057971     N    0    0    0
 1101.717  18.36194 0.3060324     N    0    0    0
 1102.550  18.37583 0.3062639     N    0    0    0
 1103.428  18.39046 0.3065077     N    0    0    0
 1104.331  18.40551 0.3067585     N    0    0    0
 1105.314  18.42190 0.3070316     N    0    0    0
 1106.272  18.43787 0.3072978     N    0    0    0
 1107.194  18.45324 0.3075540     N    0    0    0
 1108.103  18.46838 0.3078063     N    0    0    0
 1108.975  18.48292 0.3080486     N    0    0    0
 1109.947  18.49912 0.3083187     N    0    0    0
 1110.392  18.50653 0.3084421     |    2    0    0
 1110.900  18.51500 0.3085833     N    0    0    0
 1111.794  18.52991 0.3088318     N    0    0    0
 1112.733  18.54556 0.3090926     N    0    0    0
 1113.703  18.56171 0.3093619     N    0    0    0
 1114.592  18.57653 0.3096088     N    0    0    0
 1115.569  18.59282 0.3098804     N    0    0    0
 1116.617  18.61028 0.3101713     N    0    0    0
 1117.636  18.62727 0.3104545     N    0    0    0
 1118.550  18.64250 0.3107083     N    0    0    0
 1119.503  18.65838 0.3109730     N    0    0    0
 1120.431  18.67384 0.3112307     N    0    0    0
 1121.389  18.68981 0.3114969     N    0    0    0
 1122.394  18.70657 0.3117762     N    0    0    0
 1123.422  18.72370 0.3120617     N    0    0    0
 1124.433  18.74056 0.3123426     N    0    0    0
 1125.308  18.75514 0.3125856     N    0    0    0
 1126.211  18.77019 0.3128364     N    0    0    0
 1126.689  18.77815 0.3129691     |    2    0    0
 1127.186  18.78644 0.3131073     N    0    0    0
 1128.069  18.80116 0.3133526     N    0    0    0
 1129.367  18.82278 0.3137130     N    0    0    0
 1130.392  18.83986 0.3139977     N    0    0    0
 1131.358  18.85597 0.3142662     N    0    0    0
 1132.303  18.87171 0.3145285     N    0    0    0
 1133.717  18.89528 0.3149213     N    0    0    0
 1134.856  18.91426 0.3152377     N    0    0    0
 1135.897  18.93162 0.3155270     N    0    0    0
 1136.936  18.94894 0.3158156     N    0    0    0
 1137.822  18.96370 0.3160617     N    0    0    0
 1138.728  18.97880 0.3163133     N    0    0    0
 1139.681  18.99468 0.3165779     N    0    0    0
 1140.806  19.01343 0.3168904     N    0    0    0
 1141.833  19.03056 0.3171759     N    0    0    0
 1143.067  19.05111 0.3175185     N    0    0    0
 1144.011  19.06685 0.3177809     N    0    0    0
 1144.972  19.08287 0.3180478     N    0    0    0
 1146.000  19.10000 0.3183333     N    0    0    0
 1147.103  19.11838 0.3186397     N    0    0    0
 1148.644  19.14407 0.3190679     N    0    0    0
 1149.881  19.16468 0.3194113     N    0    0    0
 1151.036  19.18394 0.3197323     N    0    0    0
 1152.106  19.20176 0.3200293     N    0    0    0
 1153.194  19.21991 0.3203318     N    0    0    0
 1154.264  19.23773 0.3206289     N    0    0    0
 1155.194  19.25324 0.3208873     N    0    0    0
 1156.189  19.26981 0.3211636     N    0    0    0
 1157.439  19.29065 0.3215108     N    0    0    0
 1157.783  19.29639 0.3216065     ~    1    0    0
 1158.400  19.30667 0.3217778     N    0    0    0
 1159.469  19.32449 0.3220748     N    0    0    0
 1160.683  19.34472 0.3224120     N    0    0    0
 1161.661  19.36102 0.3226836     N    0    0    0
 1162.719  19.37866 0.3229776     N    0    0    0
 1163.789  19.39648 0.3232747     N    0    0    0
 1164.883  19.41472 0.3235787     N    0    0    0
 1166.003  19.43338 0.3238897     N    0    0    0
 1167.067  19.45111 0.3241852     N    0    0    0
 1168.097  19.46829 0.3244715     N    0    0    0
 1169.014  19.48356 0.3247261     N    0    0    0
 1170.144  19.50241 0.3250401     N    0    0    0
 1171.303  19.52171 0.3253619     N    0    0    0
 1171.572  19.52620 0.3254367     ~    0    0    0
 1172.658  19.54431 0.3257384     N    0    0    0
 1173.678  19.56130 0.3260216     N    0    0    0
 1174.781  19.57968 0.3263279     N    0    0    0
 1175.875  19.59792 0.3266319     N    0    0    0
 1177.017  19.61694 0.3269491     N    0    0    0
 1178.097  19.63495 0.3272492     N    0    0    0
 1179.181  19.65301 0.3275502     N    0    0    0
 1180.169  19.66949 0.3278248     N    0    0    0
 1181.233  19.68722 0.3281204     N    0    0    0
 1182.297  19.70495 0.3284159     N    0    0    0
 1183.389  19.72315 0.3287191     N    0    0    0
 1184.578  19.74296 0.3290494     N    0    0    0
 1186.289  19.77148 0.3295247     N    0    0    0
 1187.300  19.78833 0.3298056     N    0    0    0
 1188.444  19.80741 0.3301235     N    0    0    0
 1189.556  19.82593 0.3304321     N    0    0    0
 1190.725  19.84542 0.3307569     N    0    0    0
 1191.775  19.86292 0.3310486     N    0    0    0
 1192.036  19.86727 0.3311211     ~    3    0    0
 1192.767  19.87944 0.3313241     N    0    0    0
 1193.667  19.89444 0.3315741     ~    0    0    0
 1193.797  19.89662 0.3316103     N    0    0    0
 1194.933  19.91556 0.3319259     N    0    0    0
 1196.008  19.93347 0.3322245     N    0    0    0
 1197.089  19.95148 0.3325247     N    0    0    0
 1198.594  19.97657 0.3329429     N    0    0    0
 1199.939  19.99898 0.3333164     N    0    0    0
 1201.169  20.01949 0.3336582     N    0    0    0
 1202.264  20.03773 0.3339622     N    0    0    0
 1203.314  20.05523 0.3342539     N    0    0    0
 1204.339  20.07231 0.3345386     N    0    0    0
 1205.339  20.08898 0.3348164     N    0    0    0
 1206.425  20.10708 0.3351181     N    0    0    0
 1207.500  20.12500 0.3354167     N    0    0    0
 1208.592  20.14319 0.3357199     N    0    0    0
 1210.158  20.16931 0.3361551     j    0    0    0
 1211.303  20.18838 0.3364730     N    0    0    0
 1212.414  20.20690 0.3367816     N    0    0    0
 1213.575  20.22625 0.3371042     N    0    0    0
 1214.708  20.24514 0.3374190     N    0    0    0
 1215.411  20.25685 0.3376142     ~    3    0    0
 1215.736  20.26227 0.3377045     N    0    0    0
 1216.747  20.27912 0.3379853     N    0    0    0
 1217.775  20.29625 0.3382708     N    0    0    0
 1218.778  20.31296 0.3385494     N    0    0    0
 1219.814  20.33023 0.3388372     N    0    0    0
 1220.967  20.34944 0.3391574     N    0    0    0
 1222.186  20.36977 0.3394961     N    0    0    0
 1223.400  20.39000 0.3398333     N    0    0    0
 1224.603  20.41005 0.3401674     N    0    0    0
 1225.725  20.42875 0.3404792     N    0    0    0
 1226.792  20.44653 0.3407755     N    0    0    0
 1227.856  20.46426 0.3410710     N    0    0    0
 1228.878  20.48130 0.3413549     N    0    0    0
 1229.864  20.49773 0.3416289     N    0    0    0
 1230.931  20.51551 0.3419252     N    0    0    0
 1231.972  20.53287 0.3422145     N    0    0    0
 1232.981  20.54968 0.3424946     N    0    0    0
 1233.964  20.56606 0.3427677     N    0    0    0
 1234.997  20.58329 0.3430548     N    0    0    0
 1235.989  20.59981 0.3433302     N    0    0    0
 1237.106  20.61843 0.3436404     N    0    0    0
 1238.186  20.63644 0.3439406     N    0    0    0
 1239.225  20.65375 0.3442292     N    0    0    0
 1240.214  20.67023 0.3445039     N    0    0    0
 1241.214  20.68690 0.3447816     N    0    0    0
 1242.203  20.70338 0.3450563     N    0    0    0
 1243.300  20.72167 0.3453611     N    0    0    0
 1244.606  20.74343 0.3457238     N    0    0    0
 1245.558  20.75931 0.3459884     N    0    0    0
 1246.536  20.77560 0.3462600     N    0    0    0
 1247.564  20.79273 0.3465455     N    0    0    0
 1248.578  20.80963 0.3468272     N    0    0    0
 1249.614  20.82690 0.3471150     N    0    0    0
 1250.619  20.84366 0.3473943     N    0    0    0
 1251.575  20.85958 0.3476597     N    0    0    0
 1252.522  20.87537 0.3479228     N    0    0    0
 1253.472  20.89120 0.3481867     N    0    0    0
 1254.481  20.90801 0.3484668     N    0    0    0
 1255.472  20.92454 0.3487423     N    0    0    0
 1256.447  20.94079 0.3490131     N    0    0    0
 1256.789  20.94648 0.3491080     ~    2    0    0
 1257.356  20.95593 0.3492654     N    0    0    0
 1258.269  20.97116 0.3495193     N    0    0    0
 1259.242  20.98736 0.3497894     N    0    0    0
 1260.181  21.00301 0.3500502     N    0    0    0
 1261.183  21.01972 0.3503287     N    0    0    0
 1262.117  21.03528 0.3505880     N    0    0    0
 1263.089  21.05148 0.3508580     N    0    0    0
 1264.025  21.06708 0.3511181     N    0    0    0
 1264.906  21.08176 0.3513627     N    0    0    0
 1265.878  21.09796 0.3516327     N    0    0    0
 1266.839  21.11398 0.3518997     N    0    0    0
 1267.839  21.13065 0.3521775     N    0    0    0
 1268.778  21.14630 0.3524383     N    0    0    0
 1269.661  21.16102 0.3526836     N    0    0    0
 1270.161  21.16935 0.3528225     V    4    0    0
 1271.533  21.19222 0.3532037     N    0    0    0
 1272.489  21.20815 0.3534691     N    0    0    0
 1273.483  21.22472 0.3537454     N    0    0    0
 1274.461  21.24102 0.3540170     N    0    0    0
 1275.381  21.25634 0.3542724     N    0    0    0
 1276.253  21.27088 0.3545147     N    0    0    0
 1277.181  21.28634 0.3547724     N    0    0    0
 1278.156  21.30259 0.3550432     N    0    0    0
 1279.158  21.31931 0.3553218     N    0    0    0
 1280.156  21.33593 0.3555988     N    0    0    0
 1281.156  21.35259 0.3558765     N    0    0    0
 1282.097  21.36829 0.3561381     N    0    0    0
 1283.053  21.38421 0.3564035     N    0    0    0
 1283.997  21.39995 0.3566659     N    0    0    0
 1285.006  21.41676 0.3569460     N    0    0    0
 1285.942  21.43236 0.3572060     N    0    0    0
 1286.908  21.44847 0.3574745     N    0    0    0
 1287.844  21.46407 0.3577346     N    0    0    0
 1288.697  21.47829 0.3579715     N    0    0    0
 1289.608  21.49347 0.3582245     N    0    0    0
 1290.575  21.50958 0.3584931     N    0    0    0
 1291.561  21.52602 0.3587670     N    0    0    0
 1292.528  21.54213 0.3590355     N    0    0    0
 1293.475  21.55792 0.3592986     N    0    0    0
 1294.428  21.57380 0.3595633     N    0    0    0
 1295.325  21.58875 0.3598125     N    0    0    0
 1296.258  21.60431 0.3600718     N    0    0    0
 1297.256  21.62093 0.3603488     N    0    0    0
 1298.183  21.63639 0.3606065     N    0    0    0
 1299.078  21.65130 0.3608549     N    0    0    0
 1299.958  21.66597 0.3610995     N    0    0    0
 1300.839  21.68065 0.3613441     N    0    0    0
 1301.714  21.69523 0.3615872     N    0    0    0
 1302.664  21.71106 0.3618511     N    0    0    0
 1303.656  21.72759 0.3621265     N    0    0    0
 1304.553  21.74255 0.3623758     N    0    0    0
 1305.494  21.75824 0.3626373     N    0    0    0
 1305.936  21.76560 0.3627600     ~    0    0    0
 1306.447  21.77412 0.3629020     N    0    0    0
 1307.342  21.78903 0.3631505     N    0    0    0
 1308.283  21.80472 0.3634120     N    0    0    0
 1309.211  21.82019 0.3636698     N    0    0    0
 1310.153  21.83588 0.3639313     N    0    0    0
 1311.069  21.85116 0.3641860     N    0    0    0
 1311.958  21.86597 0.3644329     N    0    0    0
 1312.783  21.87972 0.3646620     N    0    0    0
 1313.664  21.89440 0.3649066     N    0    0    0
 1314.575  21.90958 0.3651597     N    0    0    0
 1315.492  21.92486 0.3654144     N    0    0    0
 1316.361  21.93935 0.3656559     N    0    0    0
 1317.272  21.95454 0.3659090     N    0    0    0
 1318.150  21.96917 0.3661528     N    0    0    0
 1319.011  21.98352 0.3663920     N    0    0    0
 1319.919  21.99866 0.3666443     N    0    0    0
 1320.861  22.01435 0.3669059     N    0    0    0
 1321.800  22.03000 0.3671667     N    0    0    0
 1322.675  22.04458 0.3674097     N    0    0    0
 1323.594  22.05991 0.3676651     N    0    0    0
 1324.481  22.07468 0.3679113     N    0    0    0
 1325.311  22.08852 0.3681420     N    0    0    0
 1326.239  22.10398 0.3683997     N    0    0    0
 1327.194  22.11991 0.3686651     N    0    0    0
 1328.175  22.13625 0.3689375     N    0    0    0
 1329.067  22.15111 0.3691852     N    0    0    0
 1329.983  22.16639 0.3694398     N    0    0    0
 1330.897  22.18162 0.3696937     N    0    0    0
 1331.794  22.19657 0.3699429     N    0    0    0
 1332.761  22.21269 0.3702114     N    0    0    0
 1333.769  22.22949 0.3704915     N    0    0    0
 1334.733  22.24556 0.3707593     N    0    0    0
 1335.653  22.26088 0.3710147     N    0    0    0
 1336.564  22.27606 0.3712677     N    0    0    0
 1337.514  22.29190 0.3715316     N    0    0    0
 1338.436  22.30727 0.3717878     N    0    0    0
 1339.419  22.32366 0.3720610     N    0    0    0
 1340.408  22.34014 0.3723356     N    0    0    0
 1341.347  22.35579 0.3725965     N    0    0    0
 1342.217  22.37028 0.3728380     N    0    0    0
 1343.119  22.38532 0.3730887     N    0    0    0
 1344.031  22.40051 0.3733418     N    0    0    0
 1344.989  22.41648 0.3736080     N    0    0    0
 1345.933  22.43222 0.3738704     N    0    0    0
 1346.825  22.44708 0.3741181     N    0    0    0
 1347.758  22.46264 0.3743773     N    0    0    0
 1348.658  22.47764 0.3746273     N    0    0    0
 1349.556  22.49259 0.3748765     N    0    0    0
 1350.508  22.50847 0.3751412     N    0    0    0
 1351.475  22.52458 0.3754097     N    0    0    0
 1352.414  22.54023 0.3756705     N    0    0    0
 1353.314  22.55523 0.3759205     N    0    0    0
 1354.239  22.57065 0.3761775     N    0    0    0
 1355.136  22.58560 0.3764267     N    0    0    0
 1356.056  22.60093 0.3766821     N    0    0    0
 1357.053  22.61755 0.3769591     N    0    0    0
 1358.000  22.63333 0.3772222     N    0    0    0
 1358.919  22.64866 0.3774776     N    0    0    0
 1359.933  22.66556 0.3777593     N    0    0    0
 1360.867  22.68111 0.3780185     N    0    0    0
 1361.842  22.69736 0.3782894     N    0    0    0
 1362.758  22.71264 0.3785440     N    0    0    0
 1363.325  22.72208 0.3787014     V    4    0    0
 1363.606  22.72676 0.3787793     x    0    0    0
 1364.828  22.74713 0.3791188     N    0    0    0
 1365.686  22.76144 0.3793573     N    0    0    0
 1366.575  22.77625 0.3796042     N    0    0    0
 1367.506  22.79176 0.3798627     N    0    0    0
 1368.406  22.80676 0.3801127     N    0    0    0
 1369.294  22.82157 0.3803596     N    0    0    0
 1370.256  22.83759 0.3806265     N    0    0    0
 1371.142  22.85236 0.3808727     N    0    0    0
 1371.947  22.86579 0.3810965     N    0    0    0
 1372.778  22.87963 0.3813272     N    0    0    0
 1373.675  22.89458 0.3815764     N    0    0    0
 1374.592  22.90986 0.3818310     N    0    0    0
 1375.550  22.92583 0.3820972     N    0    0    0
 1376.478  22.94130 0.3823549     N    0    0    0
 1377.414  22.95690 0.3826150     N    0    0    0
 1378.253  22.97088 0.3828480     N    0    0    0
 1379.106  22.98509 0.3830849     N    0    0    0
 1379.992  22.99986 0.3833310     N    0    0    0
 1380.936  23.01560 0.3835934     N    0    0    0
 1381.886  23.03144 0.3838573     N    0    0    0
 1382.814  23.04690 0.3841150     N    0    0    0
 1383.750  23.06250 0.3843750     N    0    0    0
 1384.639  23.07731 0.3846219     N    0    0    0
 1385.531  23.09218 0.3848696     N    0    0    0
 1386.442  23.10736 0.3851227     N    0    0    0
 1387.367  23.12278 0.3853796     N    0    0    0
 1388.292  23.13819 0.3856366     N    0    0    0
 1389.181  23.15301 0.3858835     N    0    0    0
 1390.039  23.16731 0.3861219     N    0    0    0
 1390.936  23.18227 0.3863711     N    0    0    0
 1391.844  23.19741 0.3866235     N    0    0    0
 1392.786  23.21310 0.3868850     N    0    0    0
 1393.753  23.22921 0.3871535     N    0    0    0
 1394.667  23.24444 0.3874074     N    0    0    0
 1395.606  23.26009 0.3876682     N    0    0    0
 1396.464  23.27440 0.3879066     N    0    0    0
 1397.436  23.29060 0.3881767     N    0    0    0
 1398.411  23.30685 0.3884475     N    0    0    0
 1399.344  23.32241 0.3887068     N    0    0    0
 1400.350  23.33917 0.3889861     N    0    0    0
 1401.322  23.35537 0.3892562     N    0    0    0
 1402.256  23.37093 0.3895154     N    0    0    0
 1403.153  23.38588 0.3897647     N    0    0    0
 1404.142  23.40236 0.3900394     N    0    0    0
 1405.097  23.41829 0.3903048     N    0    0    0
 1406.069  23.43449 0.3905748     N    0    0    0
 1407.072  23.45120 0.3908534     N    0    0    0
 1407.953  23.46588 0.3910980     N    0    0    0
 1408.889  23.48148 0.3913580     N    0    0    0
 1409.892  23.49819 0.3916366     N    0    0    0
 1410.925  23.51542 0.3919236     N    0    0    0
 1411.850  23.53083 0.3921806     N    0    0    0
 1412.850  23.54750 0.3924583     N    0    0    0
 1413.800  23.56333 0.3927222     N    0    0    0
 1414.700  23.57833 0.3929722     N    0    0    0
 1415.642  23.59403 0.3932338     N    0    0    0
 1416.119  23.60199 0.3933665     V    4    0    0
 1417.592  23.62653 0.3937755     N    0    0    0
 1418.553  23.64255 0.3940424     N    0    0    0
 1419.419  23.65699 0.3942832     N    0    0    0
 1420.344  23.67241 0.3945401     N    0    0    0
 1421.322  23.68870 0.3948117     N    0    0    0
 1422.225  23.70375 0.3950625     N    0    0    0
 1423.200  23.72000 0.3953333     N    0    0    0
 1424.242  23.73736 0.3956227     N    0    0    0
 1425.153  23.75255 0.3958758     N    0    0    0
 1426.100  23.76833 0.3961389     N    0    0    0
 1427.022  23.78370 0.3963951     N    0    0    0
 1428.078  23.80130 0.3966883     N    0    0    0
 1429.064  23.81773 0.3969622     N    0    0    0
 1430.097  23.83495 0.3972492     N    0    0    0
 1431.075  23.85125 0.3975208     N    0    0    0
 1432.008  23.86681 0.3977801     N    0    0    0
 1432.981  23.88301 0.3980502     N    0    0    0
 1433.939  23.89898 0.3983164     N    0    0    0
 1435.008  23.91681 0.3986134     N    0    0    0
 1436.039  23.93398 0.3988997     N    0    0    0
 1437.006  23.95009 0.3991682     N    0    0    0
 1437.956  23.96593 0.3994321     N    0    0    0
 1438.953  23.98255 0.3997091     N    0    0    0
 1439.906  23.99843 0.3999738     N    0    0    0
 1440.964  24.01606 0.4002677     N    0    0    0
 1441.939  24.03231 0.4005386     N    0    0    0
 1442.886  24.04810 0.4008017     N    0    0    0
 1443.819  24.06366 0.4010610     N    0    0    0
 1444.828  24.08046 0.4013410     N    0    0    0
 1445.711  24.09519 0.4015864     N    0    0    0
 1446.667  24.11111 0.4018519     N    0    0    0
 1447.733  24.12889 0.4021481     N    0    0    0
 1448.656  24.14426 0.4024043     N    0    0    0
 1449.658  24.16097 0.4026829     N    0    0    0
 1450.642  24.17736 0.4029560     N    0    0    0
 1451.561  24.19269 0.4032114     N    0    0    0
 1452.719  24.21199 0.4035332     N    0    0    0
 1453.769  24.22949 0.4038248     N    0    0    0
 1454.800  24.24667 0.4041111     N    0    0    0
 1455.828  24.26380 0.4043966     N    0    0    0
 1456.833  24.28056 0.4046759     N    0    0    0
 1457.786  24.29644 0.4049406     N    0    0    0
 1458.839  24.31398 0.4052330     N    0    0    0
 1459.803  24.33005 0.4055008     N    0    0    0
 1460.831  24.34718 0.4057863     N    0    0    0
 1461.750  24.36250 0.4060417     N    0    0    0
 1462.269  24.37116 0.4061860     V    5    0    0
 1462.589  24.37648 0.4062747     x    0    0    0
 1463.758  24.39597 0.4065995     N    0    0    0
 1464.794  24.41324 0.4068873     N    0    0    0
 1465.697  24.42829 0.4071381     N    0    0    0
 1466.739  24.44565 0.4074275     N    0    0    0
 1467.350  24.45583 0.4075972     A    0    0    0
 1468.767  24.47944 0.4079907     N    0    0    0
 1469.333  24.48889 0.4081481     A    0    0    0
 1470.525  24.50875 0.4084792     N    0    0    0
 1471.561  24.52602 0.4087670     N    0    0    0
 1472.539  24.54231 0.4090386     N    0    0    0
 1473.522  24.55870 0.4093117     N    0    0    0
 1474.508  24.57514 0.4095856     N    0    0    0
 1475.397  24.58995 0.4098326     N    0    0    0
 1476.481  24.60801 0.4101335     N    0    0    0
 1477.489  24.62481 0.4104136     N    0    0    0
 1478.447  24.64079 0.4106798     N    0    0    0
 1479.475  24.65792 0.4109653     N    0    0    0
 1480.478  24.67463 0.4112438     N    0    0    0
 1481.500  24.69167 0.4115278     N    0    0    0
 1482.492  24.70819 0.4118032     N    0    0    0
 1483.531  24.72551 0.4120918     N    0    0    0
 1484.558  24.74264 0.4123773     N    0    0    0
 1485.575  24.75958 0.4126597     N    0    0    0
 1486.572  24.77620 0.4129367     N    0    0    0
 1487.533  24.79222 0.4132037     N    0    0    0
 1488.553  24.80921 0.4134869     N    0    0    0
 1489.533  24.82556 0.4137593     N    0    0    0
 1490.558  24.84264 0.4140440     N    0    0    0
 1491.567  24.85944 0.4143241     N    0    0    0
 1492.483  24.87472 0.4145787     N    0    0    0
 1493.467  24.89111 0.4148519     N    0    0    0
 1494.503  24.90838 0.4151397     N    0    0    0
 1495.500  24.92500 0.4154167     N    0    0    0
 1496.569  24.94282 0.4157137     N    0    0    0
 1497.539  24.95898 0.4159830     N    0    0    0
 1498.492  24.97486 0.4162477     N    0    0    0
 1499.417  24.99028 0.4165046     N    0    0    0
 1500.408  25.00681 0.4167801     N    0    0    0
 1501.417  25.02361 0.4170602     N    0    0    0
 1502.472  25.04120 0.4173534     N    0    0    0
 1503.394  25.05657 0.4176096     N    0    0    0
 1504.364  25.07273 0.4178789     N    0    0    0
 1505.322  25.08870 0.4181451     N    0    0    0
 1506.322  25.10537 0.4184228     N    0    0    0
 1507.294  25.12157 0.4186929     N    0    0    0
 1508.333  25.13889 0.4189815     N    0    0    0
 1509.353  25.15588 0.4192647     N    0    0    0
 1510.308  25.17181 0.4195301     N    0    0    0
 1511.356  25.18926 0.4198210     N    0    0    0
 1512.403  25.20671 0.4201119     N    0    0    0
 1513.422  25.22370 0.4203951     N    0    0    0
 1514.481  25.24134 0.4206890     N    0    0    0
 1515.414  25.25690 0.4209483     N    0    0    0
 1516.431  25.27384 0.4212307     N    0    0    0
 1517.444  25.29074 0.4215123     N    0    0    0
 1518.561  25.30935 0.4218225     N    0    0    0
 1519.525  25.32542 0.4220903     N    0    0    0
 1520.581  25.34301 0.4223835     N    0    0    0
 1521.525  25.35875 0.4226458     N    0    0    0
 1522.542  25.37569 0.4229282     N    0    0    0
 1523.506  25.39176 0.4231960     N    0    0    0
 1524.681  25.41134 0.4235224     N    0    0    0
 1525.758  25.42931 0.4238218     N    0    0    0
 1526.819  25.44699 0.4241165     N    0    0    0
 1527.894  25.46491 0.4244151     N    0    0    0
 1528.894  25.48157 0.4246929     N    0    0    0
 1529.864  25.49773 0.4249622     N    0    0    0
 1531.028  25.51713 0.4252855     N    0    0    0
 1532.053  25.53421 0.4255702     N    0    0    0
 1533.061  25.55102 0.4258503     N    0    0    0
 1534.142  25.56903 0.4261505     N    0    0    0
 1535.094  25.58491 0.4264151     N    0    0    0
 1536.400  25.60667 0.4267778     N    0    0    0
 1537.708  25.62847 0.4271412     N    0    0    0
 1538.825  25.64708 0.4274514     N    0    0    0
 1539.806  25.66343 0.4277238     N    0    0    0
 1540.872  25.68120 0.4280201     N    0    0    0
 1541.911  25.69852 0.4283086     N    0    0    0
 1542.961  25.71602 0.4286003     N    0    0    0
 1544.067  25.73444 0.4289074     N    0    0    0
 1545.028  25.75046 0.4291744     N    0    0    0
 1546.042  25.76736 0.4294560     N    0    0    0
 1547.253  25.78755 0.4297924     N    0    0    0
 1548.528  25.80880 0.4301466     N    0    0    0
 1549.678  25.82796 0.4304660     N    0    0    0
 1550.839  25.84731 0.4307886     N    0    0    0
 1551.858  25.86431 0.4310718     N    0    0    0
 1552.922  25.88204 0.4313673     N    0    0    0
 1553.928  25.89880 0.4316466     N    0    0    0
 1555.131  25.91884 0.4319807     N    0    0    0
 1556.214  25.93690 0.4322816     N    0    0    0
 1557.292  25.95486 0.4325810     N    0    0    0
 1558.314  25.97190 0.4328650     N    0    0    0
 1559.339  25.98898 0.4331497     N    0    0    0
 1560.386  26.00644 0.4334406     N    0    0    0
 1561.547  26.02579 0.4337631     N    0    0    0
 1562.661  26.04435 0.4340725     N    0    0    0
 1563.750  26.06250 0.4343750     N    0    0    0
 1564.769  26.07949 0.4346582     N    0    0    0
 1565.850  26.09750 0.4349583     N    0    0    0
 1566.906  26.11509 0.4352515     N    0    0    0
 1567.967  26.13278 0.4355463     N    0    0    0
 1569.017  26.15028 0.4358380     N    0    0    0
 1570.033  26.16722 0.4361204     N    0    0    0
 1571.033  26.18389 0.4363981     N    0    0    0
 1572.089  26.20148 0.4366914     N    0    0    0
 1573.075  26.21792 0.4369653     N    0    0    0
 1574.094  26.23491 0.4372485     N    0    0    0
 1575.100  26.25167 0.4375278     N    0    0    0
 1576.069  26.26782 0.4377971     N    0    0    0
 1577.089  26.28481 0.4380802     N    0    0    0
 1578.081  26.30134 0.4383557     N    0    0    0
 1579.294  26.32157 0.4386929     N    0    0    0
 1580.494  26.34157 0.4390262     N    0    0    0
 1581.492  26.35819 0.4393032     N    0    0    0
 1582.561  26.37602 0.4396003     N    0    0    0
 1583.597  26.39329 0.4398881     N    0    0    0
 1584.575  26.40958 0.4401597     N    0    0    0
 1585.653  26.42755 0.4404591     N    0    0    0
 1586.597  26.44329 0.4407215     N    0    0    0
 1587.522  26.45870 0.4409784     N    0    0    0
 1588.628  26.47713 0.4412855     N    0    0    0
 1589.542  26.49236 0.4415394     N    0    0    0
 1590.728  26.51213 0.4418688     N    0    0    0
 1591.769  26.52949 0.4421582     N    0    0    0
 1592.692  26.54486 0.4424144     N    0    0    0
 1593.694  26.56157 0.4426929     N    0    0    0
 1594.631  26.57718 0.4429529     N    0    0    0
 1595.569  26.59282 0.4432137     N    0    0    0
 1596.608  26.61014 0.4435023     N    0    0    0
 1597.736  26.62894 0.4438156     N    0    0    0
 1598.681  26.64468 0.4440779     N    0    0    0
 1599.744  26.66241 0.4443735     N    0    0    0
 1600.772  26.67954 0.4446590     N    0    0    0
 1601.722  26.69537 0.4449228     N    0    0    0
 1602.833  26.71389 0.4452315     N    0    0    0
 1603.872  26.73120 0.4455201     N    0    0    0
 1604.953  26.74921 0.4458202     N    0    0    0
 1605.844  26.76407 0.4460679     N    0    0    0
 1606.869  26.78116 0.4463526     N    0    0    0
 1607.917  26.79861 0.4466435     N    0    0    0
 1608.872  26.81454 0.4469090     N    0    0    0
 1609.978  26.83296 0.4472160     N    0    0    0
 1610.931  26.84884 0.4474807     N    0    0    0
 1611.914  26.86523 0.4477539     N    0    0    0
 1612.831  26.88051 0.4480085     N    0    0    0
 1613.317  26.88861 0.4481435     V    4    0    0
 1613.533  26.89222 0.4482037     x    0    0    0
 1614.756  26.91259 0.4485432     N    0    0    0
 1615.681  26.92801 0.4488002     N    0    0    0
 1616.567  26.94278 0.4490463     N    0    0    0
 1617.603  26.96005 0.4493341     N    0    0    0
 1618.497  26.97495 0.4495826     N    0    0    0
 1619.431  26.99051 0.4498418     N    0    0    0
 1620.378  27.00630 0.4501049     N    0    0    0
 1621.503  27.02505 0.4504174     N    0    0    0
 1622.400  27.04000 0.4506667     N    0    0    0
 1623.356  27.05593 0.4509321     N    0    0    0
 1624.403  27.07338 0.4512230     N    0    0    0
 1625.292  27.08819 0.4514699     N    0    0    0
 1626.242  27.10403 0.4517338     N    0    0    0
 1627.328  27.12213 0.4520355     N    0    0    0
 1628.372  27.13954 0.4523256     N    0    0    0
 1629.272  27.15454 0.4525756     N    0    0    0
 1630.381  27.17301 0.4528835     N    0    0    0
 1631.347  27.18912 0.4531520     N    0    0    0
 1632.303  27.20505 0.4534174     N    0    0    0
 1633.414  27.22356 0.4537261     N    0    0    0
 1634.400  27.24000 0.4540000     N    0    0    0
 1635.417  27.25694 0.4542824     N    0    0    0
 1636.281  27.27134 0.4545224     N    0    0    0
 1637.275  27.28792 0.4547986     N    0    0    0
 1638.219  27.30366 0.4550610     N    0    0    0
 1639.286  27.32144 0.4553573     N    0    0    0
 1640.253  27.33755 0.4556258     N    0    0    0
 1641.206  27.35343 0.4558904     N    0    0    0
 1642.181  27.36968 0.4561613     N    0    0    0
 1643.072  27.38454 0.4564090     N    0    0    0
 1644.019  27.40032 0.4566721     N    0    0    0
 1645.097  27.41829 0.4569715     N    0    0    0
 1646.042  27.43403 0.4572338     N    0    0    0
 1647.047  27.45079 0.4575131     N    0    0    0
 1648.000  27.46667 0.4577778     N    0    0    0
 1648.986  27.48310 0.4580517     N    0    0    0
 1649.989  27.49981 0.4583302     N    0    0    0
 1650.942  27.51569 0.4585949     N    0    0    0
 1651.286  27.52144 0.4586906     ~    3    0    0
 1652.019  27.53366 0.4588943     N    0    0    0
 1652.969  27.54949 0.4591582     N    0    0    0
 1653.933  27.56556 0.4594259     N    0    0    0
 1654.828  27.58046 0.4596744     N    0    0    0
 1655.778  27.59630 0.4599383     N    0    0    0
 1656.808  27.61347 0.4602245     N    0    0    0
 1657.800  27.63000 0.4605000     N    0    0    0
 1658.772  27.64620 0.4607701     N    0    0    0
 1659.700  27.66167 0.4610278     N    0    0    0
 1660.622  27.67704 0.4612840     N    0    0    0
 1661.633  27.69389 0.4615648     N    0    0    0
 1662.628  27.71046 0.4618410     N    0    0    0
 1663.606  27.72676 0.4621127     N    0    0    0
 1664.150  27.73583 0.4622639     |    2    0    0
 1664.689  27.74481 0.4624136     N    0    0    0
 1665.658  27.76097 0.4626829     N    0    0    0
 1666.658  27.77764 0.4629606     N    0    0    0
 1667.661  27.79435 0.4632392     N    0    0    0
 1668.736  27.81227 0.4635378     N    0    0    0
 1669.747  27.82912 0.4638187     N    0    0    0
 1670.792  27.84653 0.4641088     N    0    0    0
 1671.742  27.86236 0.4643727     N    0    0    0
 1672.700  27.87833 0.4646389     N    0    0    0
 1673.694  27.89491 0.4649151     N    0    0    0
 1674.750  27.91250 0.4652083     N    0    0    0
 1675.764  27.92940 0.4654900     N    0    0    0
 1676.747  27.94579 0.4657631     N    0    0    0
 1677.711  27.96185 0.4660309     N    0    0    0
 1678.631  27.97718 0.4662863     N    0    0    0
 1679.597  27.99329 0.4665548     N    0    0    0
 1680.608  28.01014 0.4668356     N    0    0    0
 1681.631  28.02718 0.4671196     N    0    0    0
 1682.625  28.04375 0.4673958     N    0    0    0
 1683.556  28.05926 0.4676543     N    0    0    0
 1684.506  28.07509 0.4679182     N    0    0    0
 1685.425  28.09042 0.4681736     N    0    0    0
 1686.392  28.10653 0.4684421     N    0    0    0
 1687.369  28.12282 0.4687137     N    0    0    0
 1688.331  28.13884 0.4689807     N    0    0    0
 1689.225  28.15375 0.4692292     N    0    0    0
 1690.108  28.16847 0.4694745     N    0    0    0
 1690.992  28.18319 0.4697199     N    0    0    0
 1691.872  28.19787 0.4699645     N    0    0    0
 1692.781  28.21301 0.4702168     N    0    0    0
 1693.717  28.22861 0.4704769     N    0    0    0
 1694.636  28.24394 0.4707323     N    0    0    0
 1695.500  28.25833 0.4709722     N    0    0    0
 1696.342  28.27236 0.4712060     N    0    0    0
 1697.236  28.28727 0.4714545     N    0    0    0
 1698.119  28.30199 0.4716998     N    0    0    0
 1699.019  28.31699 0.4719498     N    0    0    0
 1699.911  28.33185 0.4721975     N    0    0    0
 1700.786  28.34644 0.4724406     N    0    0    0
 1701.639  28.36065 0.4726775     N    0    0    0
 1702.467  28.37444 0.4729074     N    0    0    0
 1703.294  28.38824 0.4731373     N    0    0    0
 1704.167  28.40278 0.4733796     N    0    0    0
 1705.031  28.41718 0.4736196     N    0    0    0
 1705.878  28.43130 0.4738549     N    0    0    0
 1706.719  28.44532 0.4740887     N    0    0    0
 1707.556  28.45926 0.4743210     N    0    0    0
 1708.383  28.47306 0.4745509     N    0    0    0
 1709.214  28.48690 0.4747816     N    0    0    0
 1710.083  28.50139 0.4750231     N    0    0    0
 1711.000  28.51667 0.4752778     N    0    0    0
 1711.883  28.53139 0.4755231     N    0    0    0
 1712.781  28.54634 0.4757724     N    0    0    0
 1713.636  28.56060 0.4760100     N    0    0    0
 1714.511  28.57519 0.4762531     N    0    0    0
 1715.364  28.58940 0.4764900     N    0    0    0
 1716.225  28.60375 0.4767292     N    0    0    0
 1717.136  28.61894 0.4769823     N    0    0    0
 1718.006  28.63343 0.4772238     N    0    0    0
 1718.831  28.64718 0.4774529     N    0    0    0
 1719.617  28.66028 0.4776713     N    0    0    0
 1720.097  28.66829 0.4778048     V    0    0    0
 1720.275  28.67125 0.4778542     x    0    0    0
 1721.231  28.68718 0.4781196     N    0    0    0
 1722.028  28.70046 0.4783410     N    0    0    0
 1722.856  28.71426 0.4785710     N    0    0    0
 1723.711  28.72852 0.4788086     N    0    0    0
 1724.525  28.74208 0.4790347     N    0    0    0
 1725.311  28.75519 0.4792531     N    0    0    0
 1726.081  28.76801 0.4794668     N    0    0    0
 1726.856  28.78093 0.4796821     N    0    0    0
 1727.672  28.79454 0.4799090     N    0    0    0
 1728.486  28.80810 0.4801350     N    0    0    0
 1729.306  28.82176 0.4803627     N    0    0    0
 1730.175  28.83625 0.4806042     N    0    0    0
 1730.989  28.84981 0.4808302     N    0    0    0
 1731.775  28.86292 0.4810486     N    0    0    0
 1732.572  28.87620 0.4812701     N    0    0    0
 1733.375  28.88958 0.4814931     N    0    0    0
 1734.228  28.90380 0.4817299     N    0    0    0
 1735.092  28.91819 0.4819699     N    0    0    0
 1735.925  28.93208 0.4822014     N    0    0    0
 1736.781  28.94634 0.4824390     N    0    0    0
 1737.594  28.95991 0.4826651     N    0    0    0
 1738.372  28.97287 0.4828812     N    0    0    0
 1739.181  28.98634 0.4831057     N    0    0    0
 1739.992  28.99986 0.4833310     N    0    0    0
 1740.875  29.01458 0.4835764     N    0    0    0
 1741.719  29.02866 0.4838110     N    0    0    0
 1742.556  29.04259 0.4840432     N    0    0    0
 1743.400  29.05667 0.4842778     N    0    0    0
 1744.206  29.07009 0.4845015     N    0    0    0
 1744.989  29.08315 0.4847191     N    0    0    0
 1745.811  29.09685 0.4849475     N    0    0    0
 1746.653  29.11088 0.4851813     N    0    0    0
 1747.522  29.12537 0.4854228     N    0    0    0
 1748.372  29.13954 0.4856590     N    0    0    0
 1749.197  29.15329 0.4858881     N    0    0    0
 1750.031  29.16718 0.4861196     N    0    0    0
 1750.850  29.18083 0.4863472     N    0    0    0
 1751.681  29.19468 0.4865779     N    0    0    0
 1752.528  29.20880 0.4868133     N    0    0    0
 1753.383  29.22306 0.4870509     N    0    0    0
 1753.981  29.23301 0.4872168     A    0    0    0
 1755.111  29.25185 0.4875309     N    0    0    0
 1755.900  29.26500 0.4877500     N    0    0    0
 1756.744  29.27907 0.4879846     N    0    0    0
 1757.581  29.29301 0.4882168     N    0    0    0
 1757.989  29.29981 0.4883302     ~    0    0    0
 1758.425  29.30708 0.4884514     N    0    0    0
 1759.286  29.32144 0.4886906     N    0    0    0
 1760.150  29.33583 0.4889306     N    0    0    0
 1761.017  29.35028 0.4891713     N    0    0    0
 1761.831  29.36384 0.4893974     N    0    0    0
 1762.628  29.37713 0.4896188     N    0    0    0
 1763.475  29.39125 0.4898542     N    0    0    0
 1764.325  29.40542 0.4900903     N    0    0    0
 1765.194  29.41991 0.4903318     N    0    0    0
 1766.064  29.43440 0.4905733     N    0    0    0
 1766.919  29.44866 0.4908110     N    0    0    0
 1767.769  29.46282 0.4910471     N    0    0    0
 1768.594  29.47657 0.4912762     N    0    0    0
 1769.433  29.49056 0.4915093     N    0    0    0
 1770.325  29.50542 0.4917569     N    0    0    0
 1771.214  29.52023 0.4920039     N    0    0    0
 1772.092  29.53486 0.4922477     N    0    0    0
 1772.978  29.54963 0.4924938     N    0    0    0
 1773.814  29.56356 0.4927261     N    0    0    0
 1774.678  29.57796 0.4929660     N    0    0    0
 1775.514  29.59190 0.4931983     N    0    0    0
 1776.392  29.60653 0.4934421     N    0    0    0
 1777.322  29.62204 0.4937006     N    0    0    0
 1778.236  29.63727 0.4939545     N    0    0    0
 1779.075  29.65125 0.4941875     N    0    0    0
 1779.917  29.66528 0.4944213     N    0    0    0
 1780.778  29.67963 0.4946605     N    0    0    0
 1781.683  29.69472 0.4949120     N    0    0    0
 1781.908  29.69847 0.4949745     ~    3    0    0
 1782.622  29.71037 0.4951728     N    0    0    0
 1783.600  29.72667 0.4954444     N    0    0    0
 1784.581  29.74301 0.4957168     N    0    0    0
 1785.472  29.75787 0.4959645     N    0    0    0
 1786.358  29.77264 0.4962106     N    0    0    0
 1787.267  29.78778 0.4964630     N    0    0    0
 1788.175  29.80292 0.4967153     N    0    0    0
 1789.089  29.81815 0.4969691     N    0    0    0
 1790.031  29.83384 0.4972307     N    0    0    0
 1790.925  29.84875 0.4974792     N    0    0    0
 1791.761  29.86269 0.4977114     N    0    0    0
 1792.578  29.87630 0.4979383     N    0    0    0
 1793.383  29.88972 0.4981620     N    0    0    0
 1794.311  29.90519 0.4984198     N    0    0    0
 1795.197  29.91995 0.4986659     N    0    0    0
 1795.731  29.92884 0.4988140     ~    0    0    0
 1796.092  29.93486 0.4989144     N    0    0    0
 1797.011  29.95019 0.4991698     N    0    0    0
 1797.892  29.96486 0.4994144     N    0    0    0
 1798.747  29.97912 0.4996520     N    0    0    0
 1799.622  29.99370 0.4998951     N    0    0    0
 1800.553  30.00921 0.5001535     N    0    0    0
 1801.475  30.02458 0.5004097     N    0    0    0
 1802.369  30.03949 0.5006582     N    0    0    0
 1803.250  30.05417 0.5009028     N    0    0    0
 1804.086  30.06810 0.5011350     N    0    0    0
 1804.914  30.08190 0.5013650     N    0    0    0
