  Seconds   Minutes     Hours  Type  Sub Chan  Num	Aux
    0.058   0.00097 0.0000162     +    0    0    0	(N
    0.861   0.01435 0.0002392     N    0    0    0
    2.017   0.03361 0.0005602     N    0    0    0
    3.175   0.05292 0.0008819     N    0    0    0
    4.314   0.07190 0.0011983     N    0    0    0
    5.458   0.09097 0.0015162     N    0    0    0
    6.550   0.10917 0.0018194     N    0    0    0
    7.617   0.12694 0.0021157     N    0    0    0
    8.794   0.14657 0.0024429     N    0    0    0
    9.911   0.16519 0.0027531     N    0    0    0
   11.003   0.18338 0.0030563     N    0    0    0
   12.089   0.20148 0.0033580     N    0    0    0
   13.133   0.21889 0.0036481     N    0    0    0
   14.278   0.23796 0.0039660     N    0    0    0
   15.408   0.25681 0.0042801     N    0    0    0
   16.494   0.27491 0.0045818     N    0    0    0
   17.575   0.29292 0.0048819     N    0    0    0
   18.639   0.31065 0.0051775     N    0    0    0
   19.697   0.32829 0.0054715     N    0    0    0
   20.850   0.34750 0.0057917     N    0    0    0
   21.958   0.36597 0.0060995     N    0    0    0
   23.044   0.38407 0.0064012     N    0    0    0
   24.103   0.40171 0.0066952     N    0    0    0
   25.169   0.41949 0.0069915     N    0    0    0
   26.317   0.43861 0.0073102     N    0    0    0
   27.492   0.45819 0.0076366     N    0    0    0
   28.600   0.47667 0.0079444     N    0    0    0
   29.714   0.49523 0.0082539     N    0    0    0
   30.858   0.51431 0.0085718     N    0    0    0
   31.986   0.53310 0.0088850     N    0    0    0
   33.183   0.55306 0.0092176     N    0    0    0
   34.339   0.57231 0.0095386     N    0    0    0
   35.431   0.59051 0.0098418     N    0    0    0
   36.544   0.60907 0.0101512     N    0    0    0
   37.636   0.62727 0.0104545     N    0    0    0
   38.767   0.64611 0.0107685     N    0    0    0
   39.939   0.66565 0.0110941     N    0    0    0
   41.019   0.68366 0.0113943     N    0    0    0
   42.100   0.70167 0.0116944     N    0    0    0
   43.164   0.71940 0.0119900     N    0    0    0
   44.325   0.73875 0.0123125     N    0    0    0
   45.450   0.75750 0.0126250     N    0    0    0
   46.575   0.77625 0.0129375     N    0    0    0
   47.639   0.79398 0.0132330     N    0    0    0
   48.700   0.81167 0.0135278     N    0    0    0
   49.803   0.83005 0.0138341     N    0    0    0
   50.900   0.84833 0.0141389     N    0    0    0
   52.011   0.86685 0.0144475     N    0    0    0
   53.097   0.88495 0.0147492     N    0    0    0
   54.106   0.90176 0.0150293     N    0    0    0
   55.119   0.91866 0.0153110     N    0    0    0
   56.233   0.93722 0.0156204     N    0    0    0
   57.311   0.95519 0.0159198     N    0    0    0
   58.400   0.97333 0.0162222     N    0    0    0
   59.442   0.99069 0.0165116     N    0    0    0
   60.472   1.00787 0.0167978     N    0    0    0
   61.500   1.02500 0.0170833     N    0    0    0
   62.625   1.04375 0.0173958     N    0    0    0
   63.714   1.06190 0.0176983     N    0    0    0
   64.808   1.08014 0.0180023     N    0    0    0
   65.844   1.09741 0.0182901     N    0    0    0
   66.878   1.11463 0.0185772     N    0    0    0
   67.972   1.13287 0.0188812     N    0    0    0
   69.083   1.15139 0.0191898     N    0    0    0
   70.158   1.16931 0.0194884     N    0    0    0
   71.242   1.18736 0.0197894     N    0    0    0
   72.275   1.20458 0.0200764     N    0    0    0
   73.269   1.22116 0.0203526     N    0    0    0
   74.392   1.23986 0.0206644     N    0    0    0
   75.469   1.25782 0.0209637     N    0    0    0
   76.528   1.27546 0.0212577     N    0    0    0
   77.592   1.29319 0.0215532     N    0    0    0
   78.600   1.31000 0.0218333     N    0    0    0
   79.628   1.32713 0.0221188     N    0    0    0
   80.736   1.34560 0.0224267     N    0    0    0
   81.819   1.36366 0.0227276     N    0    0    0
   82.875   1.38125 0.0230208     N    0    0    0
   83.919   1.39866 0.0233110     N    0    0    0
   84.914   1.41523 0.0235872     N    0    0    0
   85.458   1.42431 0.0237384     V    1    0    0
   87.081   1.45134 0.0241890     N    0    0    0
   88.142   1.46903 0.0244838     N    0    0    0
   89.231   1.48718 0.0247863     N    0    0    0
   90.261   1.50435 0.0250725     N    0    0    0
   91.261   1.52102 0.0253503     N    0    0    0
   92.356   1.53926 0.0256543     N    0    0    0
   93.469   1.55782 0.0259637     N    0    0    0
   94.503   1.57505 0.0262508     N    0    0    0
   95.567   1.59278 0.0265463     N    0    0    0
   96.617   1.61028 0.0268380     N    0    0    0
   97.633   1.62722 0.0271204     N    0    0    0
   98.753   1.64588 0.0274313     N    0    0    0
   99.864   1.66440 0.0277400     N    0    0    0
  100.928   1.68213 0.0280355     N    0    0    0
  102.003   1.70005 0.0283341     N    0    0    0
  103.028   1.71713 0.0286188     N    0    0    0
  104.139   1.73565 0.0289275     N    0    0    0
  105.258   1.75431 0.0292384     N    0    0    0
  106.353   1.77255 0.0295424     N    0    0    0
  107.433   1.79056 0.0298426     N    0    0    0
  108.517   1.80861 0.0301435     N    0    0    0
  109.564   1.82606 0.0304344     N    0    0    0
  110.697   1.84495 0.0307492     N    0    0    0
  111.817   1.86361 0.0310602     N    0    0    0
  112.914   1.88190 0.0313650     N    0    0    0
  113.964   1.89940 0.0316566     N    0    0    0
  115.039   1.91731 0.0319552     N    0    0    0
  116.175   1.93625 0.0322708     N    0    0    0
  117.300   1.95500 0.0325833     N    0    0    0
  118.414   1.97356 0.0328927     N    0    0    0
  119.497   1.99162 0.0331937     N    0    0    0
  120.594   2.00991 0.0334985     N    0    0    0
  121.703   2.02838 0.0338063     N    0    0    0
  122.836   2.04727 0.0341211     N    0    0    0
  123.972   2.06620 0.0344367     N    0    0    0
  125.083   2.08472 0.0347454     N    0    0    0
  126.142   2.10236 0.0350394     N    0    0    0
  126.683   2.11139 0.0351898     V    1    0    0
  128.336   2.13894 0.0356489     N    0    0    0
  129.486   2.15810 0.0359684     N    0    0    0
  130.583   2.17639 0.0362731     N    0    0    0
  131.678   2.19463 0.0365772     N    0    0    0
  132.739   2.21231 0.0368719     N    0    0    0
  133.856   2.23093 0.0371821     N    0    0    0
  134.969   2.24949 0.0374915     N    0    0    0
  136.069   2.26782 0.0377971     N    0    0    0
  137.164   2.28606 0.0381011     N    0    0    0
  138.222   2.30370 0.0383951     N    0    0    0
  139.258   2.32097 0.0386829     N    0    0    0
  140.400   2.34000 0.0390000     N    0    0    0
  141.497   2.35829 0.0393048     N    0    0    0
  142.575   2.37625 0.0396042     N    0    0    0
  143.675   2.39458 0.0399097     N    0    0    0
  144.714   2.41190 0.0401983     N    0    0    0
  145.825   2.43042 0.0405069     N    0    0    0
  146.944   2.44907 0.0408179     N    0    0    0
  148.069   2.46782 0.0411304     N    0    0    0
  149.158   2.48597 0.0414329     N    0    0    0
  150.244   2.50407 0.0417346     N    0    0    0
  151.275   2.52125 0.0420208     N    0    0    0
  152.422   2.54037 0.0423395     N    0    0    0
  153.550   2.55917 0.0426528     N    0    0    0
  154.614   2.57690 0.0429483     N    0    0    0
  155.708   2.59514 0.0432523     N    0    0    0
  156.758   2.61264 0.0435440     N    0    0    0
  157.808   2.63014 0.0438356     N    0    0    0
  158.953   2.64921 0.0441535     N    0    0    0
  160.031   2.66718 0.0444529     N    0    0    0
  161.083   2.68472 0.0447454     N    0    0    0
  162.158   2.70264 0.0450440     N    0    0    0
  163.156   2.71926 0.0453210     N    0    0    0
  164.286   2.73810 0.0456350     N    0    0    0
  165.403   2.75671 0.0459452     N    0    0    0
  166.464   2.77440 0.0462400     N    0    0    0
  167.531   2.79218 0.0465363     N    0    0    0
  168.597   2.80995 0.0468326     N    0    0    0
  169.658   2.82764 0.0471273     N    0    0    0
  170.800   2.84667 0.0474444     N    0    0    0
  171.914   2.86523 0.0477539     N    0    0    0
  172.992   2.88319 0.0480532     N    0    0    0
  174.075   2.90125 0.0483542     N    0    0    0
  175.128   2.91880 0.0486466     N    0    0    0
  176.250   2.93750 0.0489583     N    0    0    0
  177.403   2.95671 0.0492785     N    0    0    0
  178.492   2.97486 0.0495810     N    0    0    0
  179.561   2.99269 0.0498781     N    0    0    0
  180.675   3.01125 0.0501875     N    0    0    0
  181.744   3.02907 0.0504846     N    0    0    0
  182.897   3.04829 0.0508048     N    0    0    0
  184.033   3.06722 0.0511204     N    0    0    0
  185.092   3.08486 0.0514144     N    0    0    0
  186.186   3.10310 0.0517184     N    0    0    0
  187.228   3.12046 0.0520077     N    0    0    0
  188.358   3.13931 0.0523218     N    0    0    0
  189.508   3.15847 0.0526412     N    0    0    0
  190.575   3.17625 0.0529375     N    0    0    0
  191.650   3.19417 0.0532361     N    0    0    0
  192.717   3.21194 0.0535324     N    0    0    0
  193.328   3.22213 0.0537022     V    1    0    0
  194.878   3.24796 0.0541327     N    0    0    0
  195.986   3.26644 0.0544406     N    0    0    0
  197.042   3.28403 0.0547338     N    0    0    0
  198.086   3.30144 0.0550239     N    0    0    0
  199.072   3.31787 0.0552978     N    0    0    0
  200.200   3.33667 0.0556111     N    0    0    0
  201.269   3.35449 0.0559082     N    0    0    0
  202.369   3.37282 0.0562137     N    0    0    0
  203.414   3.39023 0.0565039     N    0    0    0
  204.469   3.40782 0.0567971     N    0    0    0
  205.517   3.42528 0.0570880     N    0    0    0
  206.653   3.44421 0.0574035     N    0    0    0
  207.764   3.46273 0.0577122     N    0    0    0
  208.886   3.48144 0.0580239     N    0    0    0
  209.969   3.49949 0.0583248     N    0    0    0
  211.008   3.51681 0.0586134     N    0    0    0
  212.192   3.53653 0.0589421     N    0    0    0
  213.319   3.55532 0.0592554     N    0    0    0
  214.436   3.57394 0.0595656     N    0    0    0
  215.547   3.59245 0.0598742     N    0    0    0
  216.603   3.61005 0.0601674     N    0    0    0
  217.686   3.62810 0.0604684     N    0    0    0
  218.831   3.64718 0.0607863     N    0    0    0
  219.933   3.66556 0.0610926     N    0    0    0
  221.044   3.68407 0.0614012     N    0    0    0
  222.083   3.70139 0.0616898     N    0    0    0
  223.117   3.71861 0.0619769     N    0    0    0
  223.639   3.72731 0.0621219     V    1    0    0
  225.314   3.75523 0.0625872     N    0    0    0
  226.372   3.77287 0.0628812     N    0    0    0
  227.439   3.79065 0.0631775     N    0    0    0
  228.453   3.80755 0.0634591     N    0    0    0
  229.467   3.82444 0.0637407     N    0    0    0
  230.558   3.84264 0.0640440     N    0    0    0
  231.636   3.86060 0.0643434     N    0    0    0
  232.656   3.87759 0.0646265     N    0    0    0
  233.697   3.89495 0.0649159     N    0    0    0
  234.706   3.91176 0.0651960     N    0    0    0
  235.739   3.92898 0.0654830     N    0    0    0
  236.850   3.94750 0.0657917     N    0    0    0
  237.928   3.96546 0.0660910     N    0    0    0
  238.978   3.98296 0.0663827     N    0    0    0
  240.044   4.00074 0.0666790     N    0    0    0
  241.061   4.01769 0.0669614     N    0    0    0
  242.031   4.03384 0.0672307     V    0    0    0
  243.328   4.05546 0.0675910     N    0    0    0
  244.417   4.07361 0.0678935     N    0    0    0
  245.522   4.09204 0.0682006     N    0    0    0
  246.578   4.10963 0.0684938     N    0    0    0
  247.086   4.11810 0.0686350     V    1    0    0
  248.186   4.13644 0.0689406     J    0    0    0
  249.747   4.16245 0.0693742     N    0    0    0
  250.831   4.18051 0.0696752     N    0    0    0
  251.939   4.19898 0.0699830     N    0    0    0
  252.556   4.20926 0.0701543     V    1    0    0
  254.067   4.23444 0.0705741     N    0    0    0
  255.208   4.25347 0.0708912     N    0    0    0
  256.311   4.27185 0.0711975     N    0    0    0
  257.389   4.28981 0.0714969     N    0    0    0
  258.225   4.30375 0.0717292     V    1    0    0
  259.528   4.32546 0.0720910     N    0    0    0
  260.672   4.34454 0.0724090     N    0    0    0
  261.833   4.36389 0.0727315     N    0    0    0
  262.911   4.38185 0.0730309     N    0    0    0
  263.525   4.39208 0.0732014     V    1    0    0
  265.050   4.41750 0.0736250     N    0    0    0
  266.181   4.43634 0.0739390     N    0    0    0
  267.319   4.45532 0.0742554     N    0    0    0
  268.414   4.47356 0.0745594     N    0    0    0
  269.481   4.49134 0.0748557     N    0    0    0
  270.572   4.50954 0.0751590     N    0    0    0
  271.611   4.52685 0.0754475     N    0    0    0
  272.750   4.54583 0.0757639     N    0    0    0
  273.864   4.56440 0.0760733     N    0    0    0
  274.953   4.58255 0.0763758     N    0    0    0
  276.008   4.60014 0.0766690     N    0    0    0
  277.053   4.61755 0.0769591     N    0    0    0
  278.178   4.63630 0.0772716     N    0    0    0
  279.236   4.65394 0.0775656     V    0    0    0
  280.406   4.67343 0.0778904     N    0    0    0
  281.486   4.69144 0.0781906     N    0    0    0
  282.558   4.70931 0.0784884     N    0    0    0
  283.642   4.72736 0.0787894     N    0    0    0
  284.783   4.74639 0.0791065     N    0    0    0
  285.906   4.76509 0.0794182     N    0    0    0
  287.022   4.78370 0.0797284     N    0    0    0
  287.967   4.79944 0.0799907     V    1    0    0
  289.058   4.81764 0.0802940     N    0    0    0
  290.339   4.83898 0.0806497     N    0    0    0
  291.458   4.85764 0.0809606     N    0    0    0
  292.558   4.87597 0.0812662     N    0    0    0
  293.094   4.88491 0.0814151     V    0    0    0
  294.653   4.91088 0.0818480     N    0    0    0
  295.786   4.92977 0.0821628     N    0    0    0
  296.925   4.94875 0.0824792     N    0    0    0
  298.008   4.96681 0.0827801     N    0    0    0
  298.619   4.97699 0.0829498     V    1    0    0
  300.131   5.00218 0.0833696     N    0    0    0
  301.158   5.01931 0.0836551     N    0    0    0
  302.308   5.03847 0.0839745     N    0    0    0
  303.389   5.05648 0.0842747     N    0    0    0
  303.903   5.06505 0.0844174     V    0    0    0
  305.436   5.09060 0.0848434     N    0    0    0
  306.483   5.10806 0.0851343     N    0    0    0
  307.475   5.12458 0.0854097     N    0    0    0
  308.581   5.14301 0.0857168     N    0    0    0
  309.639   5.16065 0.0860108     N    0    0    0
  310.658   5.17764 0.0862940     N    0    0    0
  311.678   5.19463 0.0865772     N    0    0    0
  312.672   5.21120 0.0868534     N    0    0    0
  313.664   5.22773 0.0871289     N    0    0    0
  314.756   5.24593 0.0874321     N    0    0    0
  315.789   5.26315 0.0877191     N    0    0    0
  316.831   5.28051 0.0880085     N    0    0    0
  317.872   5.29787 0.0882978     N    0    0    0
  318.889   5.31481 0.0885802     N    0    0    0
  319.944   5.33241 0.0888735     N    0    0    0
  321.067   5.35111 0.0891852     N    0    0    0
  322.097   5.36829 0.0894715     N    0    0    0
  323.153   5.38588 0.0897647     N    0    0    0
  324.178   5.40296 0.0900494     N    0    0    0
  325.186   5.41977 0.0903295     N    0    0    0
  326.267   5.43778 0.0906296     N    0    0    0
  327.372   5.45620 0.0909367     N    0    0    0
  328.428   5.47380 0.0912299     N    0    0    0
  329.481   5.49134 0.0915224     N    0    0    0
  330.558   5.50931 0.0918218     N    0    0    0
  331.594   5.52657 0.0921096     N    0    0    0
  332.739   5.54565 0.0924275     N    0    0    0
  333.864   5.56440 0.0927400     N    0    0    0
  334.914   5.58190 0.0930316     N    0    0    0
  335.969   5.59949 0.0933248     N    0    0    0
  336.997   5.61662 0.0936103     N    0    0    0
  338.072   5.63454 0.0939090     N    0    0    0
  339.147   5.65245 0.0942076     V    0    0    0
  339.578   5.65963 0.0943272     V    0    0    0
  341.161   5.68602 0.0947670     N    0    0    0
  342.194   5.70324 0.0950540     N    0    0    0
  343.167   5.71944 0.0953241     N    0    0    0
  344.219   5.73699 0.0956165     N    0    0    0
  345.303   5.75505 0.0959174     N    0    0    0
  346.300   5.77167 0.0961944     N    0    0    0
  347.319   5.78866 0.0964776     N    0    0    0
  348.319   5.80532 0.0967554     N    0    0    0
  349.322   5.82204 0.0970340     N    0    0    0
  350.383   5.83972 0.0973287     N    0    0    0
  351.469   5.85782 0.0976304     N    0    0    0
  352.508   5.87514 0.0979190     N    0    0    0
  353.525   5.89208 0.0982014     N    0    0    0
  354.556   5.90926 0.0984877     N    0    0    0
  355.603   5.92671 0.0987785     N    0    0    0
  356.672   5.94454 0.0990756     N    0    0    0
  357.767   5.96278 0.0993796     N    0    0    0
  358.811   5.98019 0.0996698     N    0    0    0
  359.808   5.99681 0.0999468     N    0    0    0
  360.842   6.01403 0.1002338     N    0    0    0
  361.911   6.03185 0.1005309     N    0    0    0
  363.006   6.05009 0.1008349     N    0    0    0
  363.922   6.06537 0.1010895     V    0    0    0
  365.150   6.08583 0.1014306     N    0    0    0
  366.186   6.10310 0.1017184     N    0    0    0
  367.183   6.11972 0.1019954     N    0    0    0
  368.294   6.13824 0.1023040     N    0    0    0
  369.333   6.15556 0.1025926     F    0    0    0
  370.431   6.17384 0.1028974     N    0    0    0
  371.472   6.19120 0.1031867     N    0    0    0
  372.114   6.20190 0.1033650     V    1    0    0
  373.544   6.22574 0.1037623     N    0    0    0
  374.667   6.24444 0.1040741     N    0    0    0
  375.733   6.26222 0.1043704     N    0    0    0
  376.803   6.28005 0.1046674     N    0    0    0
  377.850   6.29750 0.1049583     N    0    0    0
  378.833   6.31389 0.1052315     N    0    0    0
  379.928   6.33213 0.1055355     N    0    0    0
  381.042   6.35069 0.1058449     N    0    0    0
  382.089   6.36815 0.1061358     N    0    0    0
  383.197   6.38662 0.1064437     N    0    0    0
  384.239   6.40398 0.1067330     N    0    0    0
  385.281   6.42134 0.1070224     N    0    0    0
  386.403   6.44005 0.1073341     N    0    0    0
  387.525   6.45875 0.1076458     N    0    0    0
  388.589   6.47648 0.1079414     N    0    0    0
  389.672   6.49454 0.1082423     N    0    0    0
  390.567   6.50944 0.1084907     V    1    0    0
  391.794   6.52991 0.1088318     N    0    0    0
  392.933   6.54889 0.1091481     N    0    0    0
  394.022   6.56704 0.1094506     N    0    0    0
  395.081   6.58468 0.1097446     N    0    0    0
  396.142   6.60236 0.1100394     N    0    0    0
  397.156   6.61926 0.1103210     N    0    0    0
  398.267   6.63778 0.1106296     N    0    0    0
  399.400   6.65667 0.1109444     N    0    0    0
  400.467   6.67444 0.1112407     N    0    0    0
  401.544   6.69241 0.1115401     N    0    0    0
  402.628   6.71046 0.1118410     N    0    0    0
  403.678   6.72796 0.1121327     N    0    0    0
  404.319   6.73866 0.1123110     V    1    0    0
  405.933   6.76556 0.1127593     N    0    0    0
  407.022   6.78370 0.1130617     N    0    0    0
  408.125   6.80208 0.1133681     N    0    0    0
  409.144   6.81907 0.1136512     N    0    0    0
  409.775   6.82958 0.1138264     V    0    0    0
  411.394   6.85657 0.1142762     N    0    0    0
  412.489   6.87481 0.1145802     N    0    0    0
  413.550   6.89250 0.1148750     N    0    0    0
  414.608   6.91014 0.1151690     N    0    0    0
  415.369   6.92282 0.1153804     V    0    0    0
  416.781   6.94634 0.1157724     N    0    0    0
  417.928   6.96546 0.1160910     N    0    0    0
  418.972   6.98287 0.1163812     N    0    0    0
  420.022   7.00037 0.1166728     N    0    0    0
  421.047   7.01745 0.1169576     N    0    0    0
  422.122   7.03537 0.1172562     N    0    0    0
  423.214   7.05356 0.1175594     N    0    0    0
  424.286   7.07144 0.1178573     N    0    0    0
  425.314   7.08856 0.1181427     N    0    0    0
  426.372   7.10620 0.1184367     N    0    0    0
  427.406   7.12343 0.1187238     N    0    0    0
  428.494   7.14157 0.1190262     N    0    0    0
  429.606   7.16009 0.1193349     N    0    0    0
  430.544   7.17574 0.1195957     V    1    0    0
  431.700   7.19500 0.1199167     N    0    0    0
  432.747   7.21245 0.1202076     N    0    0    0
  433.778   7.22963 0.1204938     N    0    0    0
  434.883   7.24806 0.1208009     N    0    0    0
  435.961   7.26602 0.1211003     N    0    0    0
  436.764   7.27940 0.1213233     |    1    0    0
  437.022   7.28370 0.1213951     N    0    0    0
  438.058   7.30097 0.1216829     N    0    0    0
  439.108   7.31847 0.1219745     N    0    0    0
  440.219   7.33699 0.1222832     N    0    0    0
  441.350   7.35583 0.1225972     N    0    0    0
  442.417   7.37361 0.1228935     N    0    0    0
  443.517   7.39194 0.1231991     N    0    0    0
  444.578   7.40963 0.1234938     N    0    0    0
  445.150   7.41917 0.1236528     V    1    0    0
  446.797   7.44662 0.1241103     N    0    0    0
  447.947   7.46579 0.1244298     N    0    0    0
  449.081   7.48468 0.1247446     N    0    0    0
  450.164   7.50273 0.1250455     N    0    0    0
  451.261   7.52102 0.1253503     N    0    0    0
  452.439   7.54065 0.1256775     N    0    0    0
  453.608   7.56014 0.1260023     N    0    0    0
  454.736   7.57894 0.1263156     N    0    0    0
  455.850   7.59750 0.1266250     N    0    0    0
  456.514   7.60856 0.1268094     V    1    0    0
  458.119   7.63532 0.1272554     N    0    0    0
  459.300   7.65500 0.1275833     N    0    0    0
  460.414   7.67356 0.1278927     N    0    0    0
  461.533   7.69222 0.1282037     N    0    0    0
  462.617   7.71028 0.1285046     N    0    0    0
  463.708   7.72847 0.1288079     N    0    0    0
  464.900   7.74833 0.1291389     N    0    0    0
  466.003   7.76671 0.1294452     N    0    0    0
  467.103   7.78505 0.1297508     N    0    0    0
  468.219   7.80366 0.1300610     N    0    0    0
  469.211   7.82019 0.1303364     F    0    0    0
  470.447   7.84079 0.1306798     N    0    0    0
  471.583   7.85972 0.1309954     N    0    0    0
  472.669   7.87782 0.1312971     N    0    0    0
  473.753   7.89588 0.1315980     N    0    0    0
  474.803   7.91338 0.1318897     N    0    0    0
  475.606   7.92676 0.1321127     V    1    0    0
  477.047   7.95079 0.1325131     N    0    0    0
  478.122   7.96870 0.1328117     N    0    0    0
  479.211   7.98685 0.1331142     N    0    0    0
  480.258   8.00431 0.1334051     N    0    0    0
  481.306   8.02176 0.1336960     N    0    0    0
  482.417   8.04028 0.1340046     N    0    0    0
  483.561   8.05935 0.1343225     N    0    0    0
  484.625   8.07708 0.1346181     N    0    0    0
  485.683   8.09472 0.1349120     N    0    0    0
  486.778   8.11296 0.1352160     N    0    0    0
  487.875   8.13125 0.1355208     N    0    0    0
  489.022   8.15037 0.1358395     N    0    0    0
  490.150   8.16917 0.1361528     N    0    0    0
  491.253   8.18755 0.1364591     N    0    0    0
  491.867   8.19778 0.1366296     V    1    0    0
  493.425   8.22375 0.1370625     N    0    0    0
  494.611   8.24352 0.1373920     N    0    0    0
  495.786   8.26310 0.1377184     N    0    0    0
  496.864   8.28106 0.1380177     N    0    0    0
  497.478   8.29130 0.1381883     V    0    0    0
  498.992   8.31653 0.1386088     N    0    0    0
  500.150   8.33583 0.1389306     N    0    0    0
  501.281   8.35468 0.1392446     N    0    0    0
  502.319   8.37199 0.1395332     N    0    0    0
  503.417   8.39028 0.1398380     N    0    0    0
  504.456   8.40759 0.1401265     N    0    0    0
  505.533   8.42556 0.1404259     N    0    0    0
  506.631   8.44384 0.1407307     N    0    0    0
  507.756   8.46259 0.1410432     N    0    0    0
  508.806   8.48009 0.1413349     N    0    0    0
  509.619   8.49366 0.1415610     V    1    0    0
  510.844   8.51407 0.1419012     N    0    0    0
  511.958   8.53264 0.1422106     N    0    0    0
  513.061   8.55102 0.1425170     N    0    0    0
  514.142   8.56903 0.1428171     N    0    0    0
  514.786   8.57977 0.1429961     V    1    0    0
  516.225   8.60375 0.1433958     N    0    0    0
  516.736   8.61227 0.1435378     V    1    0    0
  518.317   8.63861 0.1439769     N    0    0    0
  519.417   8.65694 0.1442824     N    0    0    0
  520.464   8.67440 0.1445733     N    0    0    0
  521.483   8.69139 0.1448565     N    0    0    0
  522.494   8.70824 0.1451373     N    0    0    0
  523.508   8.72514 0.1454190     N    0    0    0
  524.611   8.74352 0.1457253     N    0    0    0
  525.694   8.76157 0.1460262     N    0    0    0
  526.772   8.77954 0.1463256     N    0    0    0
  527.822   8.79704 0.1466173     N    0    0    0
  528.831   8.81384 0.1468974     N    0    0    0
  529.958   8.83264 0.1472106     N    0    0    0
  531.083   8.85139 0.1475231     N    0    0    0
  532.164   8.86940 0.1478233     N    0    0    0
  533.258   8.88764 0.1481273     N    0    0    0
  534.308   8.90514 0.1484190     N    0    0    0
  535.328   8.92213 0.1487022     N    0    0    0
  536.481   8.94134 0.1490224     N    0    0    0
  537.136   8.95227 0.1492045     V    1    0    0
  538.656   8.97759 0.1496265     N    0    0    0
  539.731   8.99551 0.1499252     N    0    0    0
  540.742   9.01236 0.1502060     N    0    0    0
  541.825   9.03042 0.1505069     N    0    0    0
  542.953   9.04921 0.1508202     N    0    0    0
  543.958   9.06597 0.1510995     N    0    0    0
  545.117   9.08528 0.1514213     N    0    0    0
  546.189   9.10315 0.1517191     N    0    0    0
  547.217   9.12028 0.1520046     N    0    0    0
  548.375   9.13958 0.1523264     N    0    0    0
  549.517   9.15861 0.1526435     N    0    0    0
  550.594   9.17657 0.1529429     N    0    0    0
  551.706   9.19509 0.1532515     N    0    0    0
  552.758   9.21264 0.1535440     N    0    0    0
  553.858   9.23097 0.1538495     N    0    0    0
  555.006   9.25009 0.1541682     N    0    0    0
  556.058   9.26764 0.1544606     F    0    0    0
  557.172   9.28620 0.1547701     N    0    0    0
  558.258   9.30431 0.1550718     N    0    0    0
  559.289   9.32148 0.1553580     N    0    0    0
  560.425   9.34042 0.1556736     N    0    0    0
  561.533   9.35889 0.1559815     N    0    0    0
  562.606   9.37676 0.1562793     N    0    0    0
  563.653   9.39421 0.1565702     N    0    0    0
  564.231   9.40384 0.1567307     V    1    0    0
  565.753   9.42921 0.1571535     N    0    0    0
  566.903   9.44838 0.1574730     N    0    0    0
  568.003   9.46671 0.1577785     N    0    0    0
  569.072   9.48454 0.1580756     N    0    0    0
  569.544   9.49241 0.1582068     V    1    0    0
  570.000   9.50000 0.1583333     ~    1    0    0
  571.100   9.51833 0.1586389     N    0    0    0
  572.217   9.53694 0.1589491     N    0    0    0
  573.292   9.55486 0.1592477     N    0    0    0
  574.339   9.57231 0.1595386     N    0    0    0
  574.847   9.58079 0.1596798     ~    0    0    0
  575.333   9.58889 0.1598148     N    0    0    0
  576.339   9.60565 0.1600941     N    0    0    0
  577.339   9.62231 0.1603719     N    0    0    0
  578.353   9.63921 0.1606535     N    0    0    0
  579.400   9.65667 0.1609444     N    0    0    0
  580.406   9.67343 0.1612238     N    0    0    0
  581.403   9.69005 0.1615008     N    0    0    0
  582.378   9.70630 0.1617716     N    0    0    0
  583.342   9.72236 0.1620394     N    0    0    0
  584.364   9.73940 0.1623233     N    0    0    0
  585.342   9.75569 0.1625949     N    0    0    0
  586.356   9.77259 0.1628765     N    0    0    0
  587.322   9.78870 0.1631451     N    0    0    0
  588.275   9.80458 0.1634097     N    0    0    0
  589.239   9.82065 0.1636775     N    0    0    0
  590.267   9.83778 0.1639630     N    0    0    0
  591.297   9.85495 0.1642492     N    0    0    0
  592.278   9.87130 0.1645216     N    0    0    0
  593.253   9.88755 0.1647924     N    0    0    0
  594.183   9.90306 0.1650509     N    0    0    0
  595.156   9.91926 0.1653210     N    0    0    0
  596.153   9.93588 0.1655980     N    0    0    0
  597.150   9.95250 0.1658750     N    0    0    0
  598.131   9.96884 0.1661474     N    0    0    0
  599.117   9.98528 0.1664213     N    0    0    0
  600.053  10.00088 0.1666813     N    0    0    0
  600.981  10.01634 0.1669390     N    0    0    0
  601.936  10.03227 0.1672045     N    0    0    0
  602.942  10.04903 0.1674838     N    0    0    0
  603.900  10.06500 0.1677500     N    0    0    0
  604.819  10.08032 0.1680054     N    0    0    0
  605.753  10.09588 0.1682647     N    0    0    0
  606.650  10.11083 0.1685139     N    0    0    0
  607.600  10.12667 0.1687778     N    0    0    0
  608.567  10.14278 0.1690463     N    0    0    0
  609.506  10.15843 0.1693071     N    0    0    0
  610.422  10.17370 0.1695617     N    0    0    0
  611.358  10.18931 0.1698218     N    0    0    0
  612.264  10.20440 0.1700733     N    0    0    0
  613.136  10.21894 0.1703156     N    0    0    0
  614.136  10.23560 0.1705934     N    0    0    0
  615.097  10.25162 0.1708603     N    0    0    0
  616.025  10.26708 0.1711181     N    0    0    0
  616.972  10.28287 0.1713812     N    0    0    0
  617.886  10.29810 0.1716350     N    0    0    0
  618.772  10.31287 0.1718812     N    0    0    0
  619.736  10.32894 0.1721489     N    0    0    0
  620.728  10.34546 0.1724244     N    0    0    0
  621.675  10.36125 0.1726875     N    0    0    0
  622.581  10.37634 0.1729390     N    0    0    0
  623.503  10.39171 0.1731952     N    0    0    0
  624.422  10.40704 0.1734506     N    0    0    0
  625.292  10.42153 0.1736921     N    0    0    0
  626.297  10.43829 0.1739715     N    0    0    0
  627.239  10.45398 0.1742330     N    0    0    0
  628.139  10.46898 0.1744830     N    0    0    0
  629.056  10.48426 0.1747377     N    0    0    0
  629.872  10.49787 0.1749645     N    0    0    0
  630.800  10.51333 0.1752222     N    0    0    0
  631.708  10.52847 0.1754745     N    0    0    0
  632.681  10.54468 0.1757446     N    0    0    0
  633.622  10.56037 0.1760062     N    0    0    0
  634.503  10.57505 0.1762508     N    0    0    0
  635.400  10.59000 0.1765000     N    0    0    0
  636.311  10.60519 0.1767531     N    0    0    0
  637.181  10.61968 0.1769946     N    0    0    0
  638.117  10.63528 0.1772546     N    0    0    0
  639.094  10.65157 0.1775262     N    0    0    0
  640.003  10.66671 0.1777785     N    0    0    0
  640.919  10.68199 0.1780332     N    0    0    0
  641.822  10.69704 0.1782840     N    0    0    0
  642.736  10.71227 0.1785378     N    0    0    0
  643.675  10.72792 0.1787986     N    0    0    0
  644.633  10.74389 0.1790648     N    0    0    0
  645.617  10.76028 0.1793380     N    0    0    0
  646.542  10.77569 0.1795949     N    0    0    0
  647.453  10.79088 0.1798480     N    0    0    0
  648.375  10.80625 0.1801042     N    0    0    0
  649.308  10.82181 0.1803634     N    0    0    0
  650.272  10.83787 0.1806312     N    0    0    0
  651.269  10.85449 0.1809082     N    0    0    0
  652.214  10.87023 0.1811705     N    0    0    0
  653.169  10.88616 0.1814360     N    0    0    0
  654.089  10.90148 0.1816914     N    0    0    0
  655.011  10.91685 0.1819475     N    0    0    0
  656.039  10.93398 0.1822330     N    0    0    0
  657.058  10.95097 0.1825162     N    0    0    0
  658.083  10.96806 0.1828009     N    0    0    0
  659.058  10.98431 0.1830718     N    0    0    0
  660.042  11.00069 0.1833449     N    0    0    0
  660.969  11.01616 0.1836026     N    0    0    0
  662.050  11.03417 0.1839028     N    0    0    0
  663.067  11.05111 0.1841852     N    0    0    0
  664.078  11.06796 0.1844660     N    0    0    0
  664.533  11.07556 0.1845926     ~    1    0    0
  665.078  11.08463 0.1847438     N    0    0    0
  666.025  11.10042 0.1850069     N    0    0    0
  666.964  11.11606 0.1852677     N    0    0    0
  667.997  11.13329 0.1855548     N    0    0    0
  668.508  11.14181 0.1856968     ~    0    0    0
  669.008  11.15014 0.1858356     N    0    0    0
  669.975  11.16625 0.1861042     N    0    0    0
  670.958  11.18264 0.1863773     N    0    0    0
  671.894  11.19824 0.1866373     N    0    0    0
  672.806  11.21343 0.1868904     N    0    0    0
  673.850  11.23083 0.1871806     N    0    0    0
  674.856  11.24759 0.1874599     N    0    0    0
  675.850  11.26417 0.1877361     N    0    0    0
  676.836  11.28060 0.1880100     N    0    0    0
  677.806  11.29676 0.1882793     N    0    0    0
  678.753  11.31255 0.1885424     N    0    0    0
  679.778  11.32963 0.1888272     N    0    0    0
  680.850  11.34750 0.1891250     N    0    0    0
  681.864  11.36440 0.1894066     N    0    0    0
  682.903  11.38171 0.1896952     N    0    0    0
  683.892  11.39819 0.1899699     N    0    0    0
  684.856  11.41426 0.1902377     N    0    0    0
  685.936  11.43227 0.1905378     N    0    0    0
  687.014  11.45023 0.1908372     N    0    0    0
  688.011  11.46685 0.1911142     N    0    0    0
  689.075  11.48458 0.1914097     N    0    0    0
  690.072  11.50120 0.1916867     N    0    0    0
  691.044  11.51741 0.1919568     N    0    0    0
  692.106  11.53509 0.1922515     N    0    0    0
  693.169  11.55282 0.1925471     N    0    0    0
  694.164  11.56940 0.1928233     N    0    0    0
  695.192  11.58653 0.1931088     N    0    0    0
  696.169  11.60282 0.1933804     N    0    0    0
  697.125  11.61875 0.1936458     N    0    0    0
  698.167  11.63611 0.1939352     N    0    0    0
  699.211  11.65352 0.1942253     N    0    0    0
  699.722  11.66204 0.1943673     +    0    0    0	(SVTA
  699.931  11.66551 0.1944252     A    0    0    0
  700.428  11.67380 0.1945633     A    0    0    0
  700.933  11.68222 0.1947037     A    0    0    0
  701.408  11.69014 0.1948356     A    0    0    0
  702.197  11.70329 0.1950548     A    0    0    0
  702.622  11.71037 0.1951728     V    1    0    0
  703.572  11.72620 0.1954367     J    0    0    0
  704.586  11.74310 0.1957184     +    0    0    0	(N
  704.850  11.74750 0.1957917     N    0    0    0
  705.900  11.76500 0.1960833     N    0    0    0
  706.903  11.78171 0.1963619     N    0    0    0
  707.911  11.79852 0.1966420     N    0    0    0
  708.858  11.81431 0.1969051     N    0    0    0
  709.883  11.83139 0.1971898     N    0    0    0
  710.939  11.84898 0.1974830     N    0    0    0
  711.964  11.86606 0.1977677     N    0    0    0
  712.975  11.88292 0.1980486     N    0    0    0
  713.986  11.89977 0.1983295     N    0    0    0
  714.942  11.91569 0.1985949     N    0    0    0
  716.028  11.93380 0.1988966     N    0    0    0
  717.086  11.95144 0.1991906     N    0    0    0
  718.108  11.96847 0.1994745     N    0    0    0
  719.106  11.98509 0.1997515     N    0    0    0
  720.117  12.00194 0.2000324     N    0    0    0
  721.086  12.01810 0.2003017     N    0    0    0
  722.133  12.03556 0.2005926     N    0    0    0
  723.197  12.05329 0.2008881     N    0    0    0
  724.228  12.07046 0.2011744     N    0    0    0
  725.228  12.08713 0.2014522     N    0    0    0
  726.253  12.10421 0.2017369     N    0    0    0
  727.256  12.12093 0.2020154     N    0    0    0
  728.328  12.13880 0.2023133     N    0    0    0
  729.408  12.15681 0.2026134     N    0    0    0
  730.461  12.17435 0.2029059     N    0    0    0
  731.481  12.19134 0.2031890     N    0    0    0
  732.231  12.20384 0.2033974     V    1    0    0
  733.592  12.22653 0.2037755     N    0    0    0
  734.678  12.24463 0.2040772     N    0    0    0
  735.750  12.26250 0.2043750     N    0    0    0
  736.789  12.27981 0.2046636     N    0    0    0
  737.756  12.29593 0.2049321     F    0    0    0
  738.792  12.31319 0.2052199     N    0    0    0
  739.875  12.33125 0.2055208     N    0    0    0
  740.936  12.34894 0.2058156     N    0    0    0
  741.958  12.36597 0.2060995     N    0    0    0
  743.008  12.38347 0.2063912     N    0    0    0
  744.011  12.40019 0.2066698     N    0    0    0
  745.031  12.41718 0.2069529     N    0    0    0
  745.900  12.43167 0.2071944     V    1    0    0
  747.219  12.45366 0.2075610     N    0    0    0
  748.286  12.47144 0.2078573     N    0    0    0
  749.344  12.48907 0.2081512     N    0    0    0
  750.369  12.50616 0.2084360     N    0    0    0
  751.436  12.52394 0.2087323     N    0    0    0
  752.544  12.54241 0.2090401     N    0    0    0
  753.181  12.55301 0.2092168     V    1    0    0
  754.669  12.57782 0.2096304     N    0    0    0
  755.708  12.59514 0.2099190     N    0    0    0
  756.700  12.61167 0.2101944     N    0    0    0
  757.786  12.62977 0.2104961     N    0    0    0
  758.853  12.64755 0.2107924     N    0    0    0
  759.903  12.66505 0.2110841     N    0    0    0
  760.922  12.68204 0.2113673     N    0    0    0
  761.925  12.69875 0.2116458     N    0    0    0
  762.844  12.71407 0.2119012     N    0    0    0
  763.894  12.73157 0.2121929     N    0    0    0
  764.925  12.74875 0.2124792     N    0    0    0
  765.922  12.76537 0.2127562     N    0    0    0
  766.897  12.78162 0.2130270     N    0    0    0
  767.842  12.79736 0.2132894     N    0    0    0
  768.742  12.81236 0.2135394     N    0    0    0
  769.756  12.82926 0.2138210     N    0    0    0
  770.775  12.84625 0.2141042     N    0    0    0
  771.706  12.86176 0.2143627     N    0    0    0
  772.647  12.87745 0.2146242     N    0    0    0
  773.592  12.89319 0.2148866     N    0    0    0
  774.508  12.90847 0.2151412     N    0    0    0
  775.431  12.92384 0.2153974     N    0    0    0
  776.442  12.94069 0.2156782     N    0    0    0
  777.425  12.95708 0.2159514     N    0    0    0
  778.386  12.97310 0.2162184     N    0    0    0
  779.319  12.98866 0.2164776     N    0    0    0
  780.261  13.00435 0.2167392     N    0    0    0
  781.164  13.01940 0.2169900     N    0    0    0
  782.192  13.03653 0.2172755     N    0    0    0
  783.192  13.05319 0.2175532     N    0    0    0
  784.128  13.06880 0.2178133     N    0    0    0
  785.094  13.08491 0.2180818     N    0    0    0
  786.061  13.10102 0.2183503     N    0    0    0
  786.983  13.11639 0.2186065     N    0    0    0
  788.006  13.13343 0.2188904     N    0    0    0
  789.058  13.15097 0.2191829     N    0    0    0
  790.050  13.16750 0.2194583     N    0    0    0
  791.036  13.18394 0.2197323     N    0    0    0
  792.019  13.20032 0.2200054     N    0    0    0
  792.958  13.21597 0.2202662     N    0    0    0
  793.969  13.23282 0.2205471     N    0    0    0
  795.025  13.25042 0.2208403     N    0    0    0
  795.992  13.26653 0.2211088     N    0    0    0
  796.983  13.28306 0.2213843     N    0    0    0
  797.944  13.29907 0.2216512     N    0    0    0
  798.883  13.31472 0.2219120     N    0    0    0
  799.892  13.33153 0.2221921     N    0    0    0
  800.936  13.34894 0.2224823     N    0    0    0
  801.911  13.36519 0.2227531     N    0    0    0
  802.867  13.38111 0.2230185     N    0    0    0
  803.811  13.39685 0.2232809     N    0    0    0
  804.742  13.41236 0.2235394     N    0    0    0
  805.725  13.42875 0.2238125     N    0    0    0
  806.736  13.44560 0.2240934     N    0    0    0
  807.722  13.46204 0.2243673     N    0    0    0
  808.694  13.47824 0.2246373     N    0    0    0
  809.639  13.49398 0.2248997     N    0    0    0
  810.597  13.50995 0.2251659     N    0    0    0
  811.589  13.52648 0.2254414     N    0    0    0
  812.586  13.54310 0.2257184     N    0    0    0
  813.636  13.56060 0.2260100     N    0    0    0
  814.606  13.57676 0.2262793     N    0    0    0
  815.558  13.59264 0.2265440     N    0    0    0
  816.536  13.60894 0.2268156     N    0    0    0
  817.525  13.62542 0.2270903     N    0    0    0
  818.544  13.64241 0.2273735     N    0    0    0
  819.567  13.65944 0.2276574     N    0    0    0
  820.564  13.67606 0.2279344     N    0    0    0
  821.525  13.69208 0.2282014     N    0    0    0
  822.481  13.70801 0.2284668     N    0    0    0
  823.261  13.72102 0.2286836     V    1    0    0
  824.536  13.74227 0.2290378     N    0    0    0
  825.592  13.75986 0.2293310     N    0    0    0
  826.617  13.77694 0.2296157     N    0    0    0
  827.600  13.79333 0.2298889     N    0    0    0
  828.597  13.80995 0.2301659     N    0    0    0
  829.583  13.82639 0.2304398     N    0    0    0
  830.675  13.84458 0.2307431     N    0    0    0
  831.697  13.86162 0.2310270     N    0    0    0
  832.717  13.87861 0.2313102     N    0    0    0
  833.694  13.89491 0.2315818     N    0    0    0
  834.672  13.91120 0.2318534     N    0    0    0
  835.706  13.92843 0.2321404     N    0    0    0
  836.789  13.94648 0.2324414     N    0    0    0
  837.606  13.96009 0.2326682     V    1    0    0
  838.861  13.98102 0.2330170     N    0    0    0
  839.853  13.99755 0.2332924     N    0    0    0
  840.831  14.01384 0.2335640     N    0    0    0
  841.883  14.03139 0.2338565     N    0    0    0
  842.964  14.04940 0.2341566     N    0    0    0
  843.967  14.06611 0.2344352     N    0    0    0
  845.019  14.08366 0.2347276     N    0    0    0
  846.000  14.10000 0.2350000     N    0    0    0
  846.967  14.11611 0.2352685     N    0    0    0
  847.628  14.12713 0.2354522     V    1    0    0
  849.081  14.15134 0.2358557     N    0    0    0
  850.083  14.16806 0.2361343     N    0    0    0
  851.108  14.18514 0.2364190     N    0    0    0
  852.086  14.20144 0.2366906     N    0    0    0
  853.031  14.21718 0.2369529     N    0    0    0
  854.086  14.23477 0.2372461     N    0    0    0
  855.139  14.25231 0.2375386     N    0    0    0
  856.122  14.26870 0.2378117     N    0    0    0
  857.142  14.28569 0.2380949     N    0    0    0
  858.106  14.30176 0.2383627     N    0    0    0
  859.022  14.31704 0.2386173     N    0    0    0
  860.028  14.33380 0.2388966     N    0    0    0
  861.061  14.35102 0.2391836     N    0    0    0
  862.022  14.36704 0.2394506     N    0    0    0
  863.025  14.38375 0.2397292     N    0    0    0
  864.006  14.40009 0.2400015     N    0    0    0
  864.908  14.41514 0.2402523     N    0    0    0
  865.942  14.43236 0.2405394     N    0    0    0
  866.992  14.44986 0.2408310     N    0    0    0
  867.961  14.46602 0.2411003     N    0    0    0
  868.956  14.48259 0.2413765     N    0    0    0
  869.928  14.49880 0.2416466     N    0    0    0
  870.869  14.51449 0.2419082     N    0    0    0
  871.886  14.53144 0.2421906     N    0    0    0
  872.944  14.54907 0.2424846     N    0    0    0
  873.961  14.56602 0.2427670     N    0    0    0
  874.958  14.58264 0.2430440     N    0    0    0
  875.939  14.59898 0.2433164     N    0    0    0
  876.869  14.61449 0.2435748     N    0    0    0
  877.919  14.63199 0.2438665     N    0    0    0
  878.947  14.64912 0.2441520     N    0    0    0
  879.953  14.66588 0.2444313     N    0    0    0
  880.942  14.68236 0.2447060     N    0    0    0
  881.928  14.69880 0.2449799     N    0    0    0
  882.875  14.71458 0.2452431     N    0    0    0
  883.869  14.73116 0.2455193     N    0    0    0
  884.894  14.74824 0.2458040     N    0    0    0
  885.886  14.76477 0.2460795     N    0    0    0
  886.836  14.78060 0.2463434     N    0    0    0
  887.792  14.79653 0.2466088     N    0    0    0
  888.711  14.81185 0.2468642     N    0    0    0
  889.694  14.82824 0.2471373     N    0    0    0
  890.722  14.84537 0.2474228     N    0    0    0
  891.714  14.86190 0.2476983     N    0    0    0
  892.661  14.87769 0.2479614     N    0    0    0
  893.603  14.89338 0.2482230     N    0    0    0
  894.550  14.90917 0.2484861     N    0    0    0
  895.486  14.92477 0.2487461     N    0    0    0
  896.492  14.94153 0.2490255     N    0    0    0
  897.486  14.95810 0.2493017     N    0    0    0
  898.453  14.97421 0.2495702     N    0    0    0
  899.392  14.98986 0.2498310     N    0    0    0
  900.308  15.00514 0.2500856     N    0    0    0
  901.281  15.02134 0.2503557     N    0    0    0
  902.264  15.03773 0.2506289     N    0    0    0
  903.264  15.05440 0.2509066     N    0    0    0
  904.200  15.07000 0.2511667     N    0    0    0
  905.156  15.08593 0.2514321     N    0    0    0
  906.097  15.10162 0.2516937     N    0    0    0
  907.017  15.11694 0.2519491     N    0    0    0
  908.044  15.13407 0.2522346     N    0    0    0
  909.022  15.15037 0.2525062     N    0    0    0
  909.964  15.16606 0.2527677     N    0    0    0
  910.947  15.18245 0.2530409     N    0    0    0
  911.867  15.19778 0.2532963     N    0    0    0
  912.781  15.21301 0.2535502     N    0    0    0
  913.836  15.23060 0.2538434     N    0    0    0
  914.856  15.24759 0.2541265     N    0    0    0
  915.839  15.26398 0.2543997     N    0    0    0
  916.819  15.28032 0.2546721     N    0    0    0
  917.789  15.29648 0.2549414     N    0    0    0
  918.719  15.31199 0.2551998     N    0    0    0
  919.778  15.32963 0.2554938     N    0    0    0
  920.814  15.34690 0.2557816     N    0    0    0
  921.794  15.36324 0.2560540     N    0    0    0
  922.747  15.37912 0.2563187     N    0    0    0
  923.697  15.39495 0.2565826     N    0    0    0
  924.617  15.41028 0.2568380     N    0    0    0
  925.581  15.42634 0.2571057     N    0    0    0
  926.611  15.44352 0.2573920     N    0    0    0
  927.589  15.45981 0.2576636     N    0    0    0
  928.542  15.47569 0.2579282     N    0    0    0
  929.508  15.49181 0.2581968     N    0    0    0
  930.458  15.50764 0.2584606     N    0    0    0
  931.392  15.52319 0.2587199     N    0    0    0
  932.436  15.54060 0.2590100     N    0    0    0
  933.419  15.55699 0.2592832     N    0    0    0
  934.378  15.57296 0.2595494     N    0    0    0
  935.331  15.58884 0.2598140     N    0    0    0
  936.272  15.60454 0.2600756     N    0    0    0
  937.194  15.61991 0.2603318     N    0    0    0
  938.253  15.63755 0.2606258     N    0    0    0
  939.250  15.65417 0.2609028     N    0    0    0
  940.206  15.67009 0.2611682     N    0    0    0
  941.169  15.68616 0.2614360     N    0    0    0
  942.133  15.70222 0.2617037     N    0    0    0
  943.056  15.71759 0.2619599     N    0    0    0
  944.081  15.73468 0.2622446     N    0    0    0
  945.103  15.75171 0.2625285     N    0    0    0
  946.017  15.76694 0.2627824     N    0    0    0
  946.972  15.78287 0.2630478     N    0    0    0
  947.900  15.79833 0.2633056     N    0    0    0
  948.786  15.81310 0.2635517     N    0    0    0
  949.750  15.82917 0.2638194     N    0    0    0
  950.750  15.84583 0.2640972     N    0    0    0
  951.717  15.86194 0.2643657     N    0    0    0
  952.631  15.87718 0.2646196     N    0    0    0
  953.561  15.89269 0.2648781     N    0    0    0
  954.517  15.90861 0.2651435     N    0    0    0
  955.458  15.92431 0.2654051     N    0    0    0
  956.494  15.94157 0.2656929     N    0    0    0
  957.500  15.95833 0.2659722     N    0    0    0
  958.436  15.97394 0.2662323     N    0    0    0
  959.386  15.98977 0.2664961     N    0    0    0
  960.336  16.00560 0.2667600     N    0    0    0
  961.289  16.02148 0.2670247     N    0    0    0
  962.278  16.03796 0.2672994     N    0    0    0
  963.303  16.05505 0.2675841     N    0    0    0
  964.247  16.07079 0.2678465     N    0    0    0
  965.203  16.08671 0.2681119     N    0    0    0
  966.153  16.10255 0.2683758     N    0    0    0
  967.053  16.11755 0.2686258     N    0    0    0
  968.061  16.13435 0.2689059     N    0    0    0
  969.103  16.15171 0.2691952     N    0    0    0
  970.075  16.16792 0.2694653     N    0    0    0
  971.039  16.18398 0.2697330     N    0    0    0
  971.986  16.19977 0.2699961     N    0    0    0
  972.933  16.21556 0.2702593     N    0    0    0
  973.964  16.23273 0.2705455     N    0    0    0
  974.958  16.24931 0.2708218     N    0    0    0
  975.947  16.26579 0.2710965     N    0    0    0
  976.894  16.28157 0.2713596     N    0    0    0
  977.842  16.29736 0.2716227     N    0    0    0
  978.736  16.31227 0.2718711     N    0    0    0
  979.728  16.32880 0.2721466     N    0    0    0
  980.728  16.34546 0.2724244     N    0    0    0
  981.706  16.36176 0.2726960     N    0    0    0
  982.667  16.37778 0.2729630     N    0    0    0
  983.572  16.39287 0.2732145     N    0    0    0
  984.089  16.40148 0.2733580     V    2    0    0
  985.433  16.42389 0.2737315     N    0    0    0
  986.231  16.43718 0.2739529     A    0    0    0
  987.336  16.45560 0.2742600     N    0    0    0
  988.272  16.47120 0.2745201     N    0    0    0
  988.808  16.48014 0.2746690     V    1    0    0
  990.083  16.50139 0.2750231     N    0    0    0
  990.953  16.51588 0.2752647     N    0    0    0
  991.950  16.53250 0.2755417     N    0    0    0
  992.892  16.54819 0.2758032     N    0    0    0
  993.797  16.56329 0.2760548     N    0    0    0
  994.736  16.57894 0.2763156     N    0    0    0
  995.614  16.59356 0.2765594     N    0    0    0
  996.497  16.60829 0.2768048     N    0    0    0
  997.417  16.62361 0.2770602     N    0    0    0
  998.414  16.64023 0.2773372     N    0    0    0
  999.369  16.65616 0.2776026     N    0    0    0
 1000.278  16.67130 0.2778549     N    0    0    0
 1001.208  16.68681 0.2781134     N    0    0    0
 1002.111  16.70185 0.2783642     N    0    0    0
 1002.997  16.71662 0.2786103     N    0    0    0
 1003.975  16.73292 0.2788819     N    0    0    0
 1004.950  16.74917 0.2791528     N    0    0    0
 1005.872  16.76454 0.2794090     N    0    0    0
 1006.831  16.78051 0.2796752     N    0    0    0
 1007.758  16.79597 0.2799329     N    0    0    0
 1008.650  16.81083 0.2801806     N    0    0    0
 1009.619  16.82699 0.2804498     N    0    0    0
 1010.650  16.84417 0.2807361     N    0    0    0
 1011.642  16.86069 0.2810116     N    0    0    0
 1012.581  16.87634 0.2812724     N    0    0    0
 1013.550  16.89250 0.2815417     N    0    0    0
 1014.478  16.90796 0.2817994     N    0    0    0
 1015.422  16.92370 0.2820617     N    0    0    0
 1016.422  16.94037 0.2823395     N    0    0    0
 1017.408  16.95681 0.2826134     N    0    0    0
 1018.342  16.97236 0.2828727     N    0    0    0
 1019.294  16.98824 0.2831373     N    0    0    0
 1020.233  17.00389 0.2833981     N    0    0    0
 1021.128  17.01880 0.2836466     N    0    0    0
 1022.131  17.03551 0.2839252     N    0    0    0
 1023.161  17.05269 0.2842114     N    0    0    0
 1024.094  17.06824 0.2844707     N    0    0    0
 1025.053  17.08421 0.2847369     N    0    0    0
 1026.011  17.10019 0.2850031     N    0    0    0
 1026.903  17.11505 0.2852508     N    0    0    0
 1027.906  17.13176 0.2855293     N    0    0    0
 1028.897  17.14829 0.2858048     N    0    0    0
 1029.850  17.16417 0.2860694     N    0    0    0
 1030.775  17.17958 0.2863264     N    0    0    0
 1031.711  17.19519 0.2865864     N    0    0    0
 1032.603  17.21005 0.2868341     N    0    0    0
 1033.511  17.22519 0.2870864     N    0    0    0
 1034.478  17.24130 0.2873549     N    0    0    0
 1035.444  17.25741 0.2876235     N    0    0    0
 1036.342  17.27236 0.2878727     N    0    0    0
 1037.253  17.28755 0.2881258     N    0    0    0
 1038.167  17.30278 0.2883796     N    0    0    0
 1039.025  17.31708 0.2886181     N    0    0    0
 1039.994  17.33324 0.2888873     N    0    0    0
 1040.931  17.34884 0.2891474     N    0    0    0
 1041.856  17.36426 0.2894043     N    0    0    0
 1042.764  17.37940 0.2896566     N    0    0    0
 1043.672  17.39454 0.2899090     N    0    0    0
 1044.583  17.40972 0.2901620     N    0    0    0
 1045.514  17.42523 0.2904205     N    0    0    0
 1046.494  17.44157 0.2906929     N    0    0    0
 1047.481  17.45801 0.2909668     N    0    0    0
 1048.422  17.47370 0.2912284     N    0    0    0
 1049.356  17.48926 0.2914877     N    0    0    0
 1050.294  17.50491 0.2917485     N    0    0    0
 1051.203  17.52005 0.2920008     N    0    0    0
 1052.175  17.53625 0.2922708     N    0    0    0
 1053.136  17.55227 0.2925378     N    0    0    0
 1054.117  17.56861 0.2928102     N    0    0    0
 1055.039  17.58398 0.2930664     N    0    0    0
 1055.936  17.59894 0.2933156     N    0    0    0
 1056.853  17.61421 0.2935702     N    0    0    0
 1057.814  17.63023 0.2938372     N    0    0    0
 1058.783  17.64639 0.2941065     N    0    0    0
 1059.744  17.66241 0.2943735     N    0    0    0
 1060.681  17.67801 0.2946335     N    0    0    0
 1061.592  17.69319 0.2948866     N    0    0    0
 1062.517  17.70861 0.2951435     N    0    0    0
 1063.481  17.72468 0.2954113     N    0    0    0
 1064.447  17.74079 0.2956798     N    0    0    0
 1065.414  17.75690 0.2959483     N    0    0    0
 1066.364  17.77273 0.2962122     N    0    0    0
 1067.278  17.78796 0.2964660     N    0    0    0
 1068.197  17.80329 0.2967215     N    0    0    0
 1069.131  17.81884 0.2969807     N    0    0    0
 1070.108  17.83514 0.2972523     N    0    0    0
 1071.081  17.85134 0.2975224     N    0    0    0
 1071.986  17.86644 0.2977739     N    0    0    0
 1072.958  17.88264 0.2980440     N    0    0    0
 1073.875  17.89792 0.2982986     N    0    0    0
 1074.750  17.91250 0.2985417     N    0    0    0
 1075.775  17.92958 0.2988264     N    0    0    0
 1076.753  17.94588 0.2990980     N    0    0    0
 1077.722  17.96204 0.2993673     N    0    0    0
 1078.667  17.97778 0.2996296     N    0    0    0
 1079.606  17.99343 0.2998904     N    0    0    0
 1080.508  18.00847 0.3001412     N    0    0    0
 1081.464  18.02440 0.3004066     N    0    0    0
 1082.500  18.04167 0.3006944     N    0    0    0
 1083.461  18.05769 0.3009614     N    0    0    0
 1084.392  18.07319 0.3012199     N    0    0    0
 1085.339  18.08898 0.3014830     N    0    0    0
 1086.261  18.10435 0.3017392     N    0    0    0
 1087.161  18.11935 0.3019892     N    0    0    0
 1088.192  18.13653 0.3022755     N    0    0    0
 1089.150  18.15250 0.3025417     N    0    0    0
 1090.058  18.16764 0.3027940     N    0    0    0
 1090.975  18.18292 0.3030486     N    0    0    0
 1091.919  18.19866 0.3033110     N    0    0    0
 1092.794  18.21324 0.3035540     N    0    0    0
 1093.775  18.22958 0.3038264     N    0    0    0
 1094.794  18.24657 0.3041096     N    0    0    0
 1095.731  18.26218 0.3043696     N    0    0    0
 1096.669  18.27782 0.3046304     N    0    0    0
 1097.608  18.29347 0.3048912     N    0    0    0
 1098.544  18.30907 0.3051512     N    0    0    0
 1099.511  18.32519 0.3054198     N    0    0    0
 1100.561  18.34269 0.3057114     N    0    0    0
 1101.544  18.35907 0.3059846     N    0    0    0
 1102.467  18.37444 0.3062407     N    0    0    0
 1103.406  18.39009 0.3065015     N    0    0    0
 1104.339  18.40565 0.3067608     N    0    0    0
 1105.239  18.42065 0.3070108     N    0    0    0
 1106.214  18.43690 0.3072816     N    0    0    0
 1107.200  18.45333 0.3075556     N    0    0    0
 1108.100  18.46833 0.3078056     N    0    0    0
 1109.025  18.48375 0.3080625     N    0    0    0
 1109.928  18.49880 0.3083133     N    0    0    0
 1110.806  18.51343 0.3085571     N    0    0    0
 1111.767  18.52944 0.3088241     N    0    0    0
 1112.756  18.54593 0.3090988     N    0    0    0
 1113.706  18.56176 0.3093627     N    0    0    0
 1114.597  18.57662 0.3096103     N    0    0    0
 1115.497  18.59162 0.3098603     N    0    0    0
 1116.417  18.60694 0.3101157     N    0    0    0
 1117.314  18.62190 0.3103650     N    0    0    0
 1118.247  18.63745 0.3106242     N    0    0    0
 1119.219  18.65366 0.3108943     N    0    0    0
 1120.122  18.66870 0.3111451     N    0    0    0
 1121.036  18.68394 0.3113989     N    0    0    0
 1121.942  18.69903 0.3116505     N    0    0    0
 1122.847  18.71412 0.3119020     N    0    0    0
 1123.806  18.73009 0.3121682     N    0    0    0
 1124.794  18.74657 0.3124429     N    0    0    0
 1125.772  18.76287 0.3127145     N    0    0    0
 1126.694  18.77824 0.3129707     N    0    0    0
 1127.617  18.79361 0.3132269     N    0    0    0
 1128.531  18.80884 0.3134807     N    0    0    0
 1129.456  18.82426 0.3137377     N    0    0    0
 1130.414  18.84023 0.3140039     N    0    0    0
 1131.383  18.85639 0.3142731     N    0    0    0
 1132.289  18.87148 0.3145247     N    0    0    0
 1133.183  18.88639 0.3147731     N    0    0    0
 1134.083  18.90139 0.3150231     N    0    0    0
 1134.981  18.91634 0.3152724     N    0    0    0
 1135.953  18.93255 0.3155424     N    0    0    0
 1136.900  18.94833 0.3158056     N    0    0    0
 1137.844  18.96407 0.3160679     N    0    0    0
 1138.767  18.97944 0.3163241     N    0    0    0
 1139.672  18.99454 0.3165756     N    0    0    0
 1140.561  19.00935 0.3168225     N    0    0    0
 1141.514  19.02523 0.3170872     N    0    0    0
 1142.467  19.04111 0.3173519     N    0    0    0
 1143.408  19.05681 0.3176134     N    0    0    0
 1144.322  19.07204 0.3178673     N    0    0    0
 1145.208  19.08681 0.3181134     N    0    0    0
 1146.100  19.10167 0.3183611     N    0    0    0
 1146.978  19.11630 0.3186049     N    0    0    0
 1147.956  19.13259 0.3188765     N    0    0    0
 1148.919  19.14866 0.3191443     N    0    0    0
 1149.867  19.16444 0.3194074     N    0    0    0
 1150.817  19.18028 0.3196713     N    0    0    0
 1151.733  19.19556 0.3199259     N    0    0    0
 1152.619  19.21032 0.3201721     N    0    0    0
 1153.619  19.22699 0.3204498     N    0    0    0
 1154.628  19.24380 0.3207299     N    0    0    0
 1155.567  19.25944 0.3209907     N    0    0    0
 1156.528  19.27546 0.3212577     N    0    0    0
 1157.436  19.29060 0.3215100     N    0    0    0
 1158.333  19.30556 0.3217593     N    0    0    0
 1159.236  19.32060 0.3220100     N    0    0    0
 1160.250  19.33750 0.3222917     N    0    0    0
 1161.192  19.35319 0.3225532     N    0    0    0
 1162.106  19.36843 0.3228071     N    0    0    0
 1163.047  19.38412 0.3230687     N    0    0    0
 1163.953  19.39921 0.3233202     N    0    0    0
 1164.822  19.41370 0.3235617     N    0    0    0
 1165.803  19.43005 0.3238341     N    0    0    0
 1166.794  19.44657 0.3241096     N    0    0    0
 1167.711  19.46185 0.3243642     N    0    0    0
 1168.639  19.47731 0.3246219     N    0    0    0
 1169.561  19.49269 0.3248781     N    0    0    0
 1170.444  19.50741 0.3251235     N    0    0    0
 1171.375  19.52292 0.3253819     N    0    0    0
 1172.333  19.53889 0.3256481     N    0    0    0
 1173.303  19.55505 0.3259174     N    0    0    0
 1174.194  19.56991 0.3261651     N    0    0    0
 1175.139  19.58565 0.3264275     N    0    0    0
 1176.033  19.60056 0.3266759     N    0    0    0
 1176.897  19.61495 0.3269159     N    0    0    0
 1177.861  19.63102 0.3271836     N    0    0    0
 1178.831  19.64718 0.3274529     N    0    0    0
 1179.767  19.66278 0.3277130     N    0    0    0
 1180.686  19.67810 0.3279684     N    0    0    0
 1181.619  19.69366 0.3282276     N    0    0    0
 1182.525  19.70875 0.3284792     N    0    0    0
 1183.458  19.72431 0.3287384     N    0    0    0
 1184.458  19.74097 0.3290162     N    0    0    0
 1185.461  19.75769 0.3292948     N    0    0    0
 1186.389  19.77315 0.3295525     N    0    0    0
 1187.333  19.78889 0.3298148     N    0    0    0
 1188.264  19.80440 0.3300733     N    0    0    0
 1189.169  19.81949 0.3303248     N    0    0    0
 1190.147  19.83579 0.3305965     N    0    0    0
 1191.114  19.85190 0.3308650     N    0    0    0
 1192.053  19.86755 0.3311258     N    0    0    0
 1192.967  19.88278 0.3313796     N    0    0    0
 1193.903  19.89838 0.3316397     N    0    0    0
 1194.786  19.91310 0.3318850     N    0    0    0
 1195.736  19.92894 0.3321489     N    0    0    0
 1196.717  19.94528 0.3324213     N    0    0    0
 1197.675  19.96125 0.3326875     N    0    0    0
 1198.592  19.97653 0.3329421     N    0    0    0
 1199.503  19.99171 0.3331952     N    0    0    0
 1200.411  20.00685 0.3334475     N    0    0    0
 1201.328  20.02213 0.3337022     N    0    0    0
 1202.300  20.03833 0.3339722     N    0    0    0
 1203.250  20.05417 0.3342361     N    0    0    0
 1204.192  20.06986 0.3344977     N    0    0    0
 1205.094  20.08491 0.3347485     N    0    0    0
 1206.022  20.10037 0.3350062     N    0    0    0
 1206.925  20.11542 0.3352569     N    0    0    0
 1207.236  20.12060 0.3353434     ~    1    0    0
 1207.867  20.13111 0.3355185     N    0    0    0
 1208.839  20.14731 0.3357886     N    0    0    0
 1209.786  20.16310 0.3360517     N    0    0    0
 1210.692  20.17819 0.3363032     N    0    0    0
 1211.033  20.18389 0.3363981     ~    0    0    0
 1211.569  20.19282 0.3365471     N    0    0    0
 1212.469  20.20782 0.3367971     N    0    0    0
 1213.361  20.22269 0.3370448     N    0    0    0
 1214.300  20.23833 0.3373056     N    0    0    0
 1215.244  20.25407 0.3375679     N    0    0    0
 1216.153  20.26921 0.3378202     N    0    0    0
 1217.039  20.28398 0.3380664     N    0    0    0
 1217.922  20.29870 0.3383117     N    0    0    0
 1218.797  20.31329 0.3385548     N    0    0    0
 1219.747  20.32912 0.3388187     N    0    0    0
 1220.711  20.34519 0.3390864     N    0    0    0
 1221.639  20.36065 0.3393441     N    0    0    0
 1222.581  20.37634 0.3396057     N    0    0    0
 1223.478  20.39130 0.3398549     N    0    0    0
 1224.406  20.40676 0.3401127     N    0    0    0
 1225.353  20.42255 0.3403758     N    0    0    0
 1226.317  20.43861 0.3406435     N    0    0    0
 1227.300  20.45500 0.3409167     N    0    0    0
 1228.236  20.47060 0.3411767     N    0    0    0
 1229.189  20.48648 0.3414414     N    0    0    0
 1230.122  20.50204 0.3417006     N    0    0    0
 1231.061  20.51769 0.3419614     N    0    0    0
 1232.067  20.53444 0.3422407     N    0    0    0
 1233.075  20.55125 0.3425208     N    0    0    0
 1234.014  20.56690 0.3427816     N    0    0    0
 1234.969  20.58282 0.3430471     N    0    0    0
 1235.889  20.59815 0.3433025     N    0    0    0
 1236.756  20.61259 0.3435432     N    0    0    0
 1237.728  20.62880 0.3438133     N    0    0    0
 1238.672  20.64454 0.3440756     N    0    0    0
 1239.619  20.66032 0.3443387     N    0    0    0
 1240.514  20.67523 0.3445872     N    0    0    0
 1241.414  20.69023 0.3448372     N    0    0    0
 1242.300  20.70500 0.3450833     N    0    0    0
 1243.167  20.71944 0.3453241     N    0    0    0
 1244.142  20.73569 0.3455949     N    0    0    0
 1245.064  20.75106 0.3458511     N    0    0    0
 1245.953  20.76588 0.3460980     N    0    0    0
 1246.839  20.78065 0.3463441     N    0    0    0
 1247.708  20.79514 0.3465856     N    0    0    0
 1248.531  20.80884 0.3468140     N    0    0    0
 1249.414  20.82356 0.3470594     N    0    0    0
 1250.344  20.83907 0.3473179     N    0    0    0
 1251.222  20.85370 0.3475617     N    0    0    0
 1252.069  20.86782 0.3477971     N    0    0    0
 1252.903  20.88171 0.3480285     N    0    0    0
 1253.747  20.89579 0.3482631     N    0    0    0
 1254.533  20.90889 0.3484815     N    0    0    0
 1255.361  20.92269 0.3487114     N    0    0    0
 1256.311  20.93852 0.3489753     N    0    0    0
 1257.186  20.95310 0.3492184     N    0    0    0
 1258.017  20.96694 0.3494491     N    0    0    0
 1258.872  20.98120 0.3496867     N    0    0    0
 1259.714  20.99523 0.3499205     N    0    0    0
 1260.550  21.00917 0.3501528     N    0    0    0
 1261.417  21.02361 0.3503935     N    0    0    0
 1262.364  21.03940 0.3506566     N    0    0    0
 1263.292  21.05486 0.3509144     N    0    0    0
 1264.136  21.06894 0.3511489     N    0    0    0
 1265.000  21.08333 0.3513889     N    0    0    0
 1265.869  21.09782 0.3516304     N    0    0    0
 1266.689  21.11148 0.3518580     N    0    0    0
 1267.603  21.12671 0.3521119     N    0    0    0
 1268.544  21.14241 0.3523735     N    0    0    0
 1269.461  21.15769 0.3526281     N    0    0    0
 1270.322  21.17204 0.3528673     N    0    0    0
 1271.178  21.18630 0.3531049     N    0    0    0
 1272.050  21.20083 0.3533472     N    0    0    0
 1272.911  21.21519 0.3535864     N    0    0    0
 1273.817  21.23028 0.3538380     N    0    0    0
 1274.767  21.24611 0.3541019     N    0    0    0
 1275.683  21.26139 0.3543565     N    0    0    0
 1276.533  21.27556 0.3545926     N    0    0    0
 1277.392  21.28986 0.3548310     N    0    0    0
 1278.264  21.30440 0.3550733     N    0    0    0
 1279.128  21.31880 0.3553133     N    0    0    0
 1280.061  21.33435 0.3555725     N    0    0    0
 1280.997  21.34995 0.3558326     N    0    0    0
 1281.881  21.36468 0.3560779     N    0    0    0
 1282.761  21.37935 0.3563225     N    0    0    0
 1283.617  21.39361 0.3565602     N    0    0    0
 1284.481  21.40801 0.3568002     N    0    0    0
 1285.364  21.42273 0.3570455     N    0    0    0
 1286.261  21.43769 0.3572948     N    0    0    0
 1287.222  21.45370 0.3575617     N    0    0    0
 1288.097  21.46829 0.3578048     N    0    0    0
 1288.969  21.48282 0.3580471     N    0    0    0
 1289.842  21.49736 0.3582894     N    0    0    0
 1290.689  21.51148 0.3585247     N    0    0    0
 1291.606  21.52676 0.3587793     N    0    0    0
 1292.492  21.54153 0.3590255     N    0    0    0
 1293.408  21.55681 0.3592801     N    0    0    0
 1294.269  21.57116 0.3595193     N    0    0    0
 1295.103  21.58505 0.3597508     N    0    0    0
 1295.931  21.59884 0.3599807     N    0    0    0
 1296.775  21.61292 0.3602153     N    0    0    0
 1297.669  21.62782 0.3604637     N    0    0    0
 1298.544  21.64241 0.3607068     N    0    0    0
 1299.481  21.65801 0.3609668     N    0    0    0
 1300.325  21.67208 0.3612014     N    0    0    0
 1301.158  21.68597 0.3614329     N    0    0    0
 1302.008  21.70014 0.3616690     N    0    0    0
 1302.817  21.71361 0.3618935     N    0    0    0
 1303.739  21.72898 0.3621497     N    0    0    0
 1304.617  21.74361 0.3623935     N    0    0    0
 1305.528  21.75880 0.3626466     N    0    0    0
 1306.386  21.77310 0.3628850     N    0    0    0
 1307.206  21.78676 0.3631127     N    0    0    0
 1308.058  21.80097 0.3633495     N    0    0    0
 1308.878  21.81463 0.3635772     N    0    0    0
 1309.789  21.82981 0.3638302     N    0    0    0
 1310.708  21.84514 0.3640856     N    0    0    0
 1311.608  21.86014 0.3643356     N    0    0    0
 1312.475  21.87458 0.3645764     N    0    0    0
 1313.333  21.88889 0.3648148     N    0    0    0
 1314.194  21.90324 0.3650540     N    0    0    0
 1315.058  21.91764 0.3652940     N    0    0    0
 1316.003  21.93338 0.3655563     N    0    0    0
 1316.919  21.94866 0.3658110     N    0    0    0
 1317.836  21.96394 0.3660656     N    0    0    0
 1318.764  21.97940 0.3663233     N    0    0    0
 1319.614  21.99356 0.3665594     N    0    0    0
 1320.492  22.00819 0.3668032     N    0    0    0
 1321.417  22.02361 0.3670602     N    0    0    0
 1322.367  22.03944 0.3673241     N    0    0    0
 1323.308  22.05514 0.3675856     N    0    0    0
 1324.222  22.07037 0.3678395     N    0    0    0
 1325.108  22.08514 0.3680856     N    0    0    0
 1325.986  22.09977 0.3683295     N    0    0    0
 1326.828  22.11380 0.3685633     N    0    0    0
 1327.764  22.12940 0.3688233     N    0    0    0
 1328.711  22.14519 0.3690864     N    0    0    0
 1329.614  22.16023 0.3693372     N    0    0    0
 1330.503  22.17505 0.3695841     N    0    0    0
 1331.389  22.18981 0.3698302     N    0    0    0
 1332.242  22.20403 0.3700671     N    0    0    0
 1333.092  22.21819 0.3703032     N    0    0    0
 1334.039  22.23398 0.3705664     N    0    0    0
 1334.964  22.24940 0.3708233     N    0    0    0
 1335.833  22.26389 0.3710648     N    0    0    0
 1336.728  22.27880 0.3713133     N    0    0    0
 1337.614  22.29356 0.3715594     N    0    0    0
 1338.444  22.30741 0.3717901     N    0    0    0
 1339.303  22.32171 0.3720285     N    0    0    0
 1340.217  22.33694 0.3722824     N    0    0    0
 1341.136  22.35227 0.3725378     N    0    0    0
 1342.014  22.36690 0.3727816     N    0    0    0
 1342.886  22.38144 0.3730239     N    0    0    0
 1343.758  22.39597 0.3732662     N    0    0    0
 1344.589  22.40981 0.3734969     N    0    0    0
 1345.494  22.42491 0.3737485     N    0    0    0
 1346.408  22.44014 0.3740023     N    0    0    0
 1347.311  22.45519 0.3742531     N    0    0    0
 1348.161  22.46935 0.3744892     N    0    0    0
 1349.019  22.48366 0.3747276     N    0    0    0
 1349.886  22.49810 0.3749684     N    0    0    0
 1350.697  22.51162 0.3751937     N    0    0    0
 1351.594  22.52657 0.3754429     N    0    0    0
 1352.514  22.54190 0.3756983     N    0    0    0
 1353.436  22.55727 0.3759545     N    0    0    0
 1354.281  22.57134 0.3761890     N    0    0    0
 1355.125  22.58542 0.3764236     N    0    0    0
 1355.986  22.59977 0.3766628     N    0    0    0
 1356.811  22.61352 0.3768920     N    0    0    0
 1357.731  22.62884 0.3771474     N    0    0    0
 1358.642  22.64403 0.3774005     N    0    0    0
 1359.558  22.65931 0.3776551     N    0    0    0
 1360.422  22.67370 0.3778951     N    0    0    0
 1361.264  22.68773 0.3781289     N    0    0    0
 1362.136  22.70227 0.3783711     N    0    0    0
 1362.967  22.71611 0.3786019     N    0    0    0
 1363.881  22.73134 0.3788557     N    0    0    0
 1364.761  22.74602 0.3791003     N    0    0    0
 1365.681  22.76134 0.3793557     N    0    0    0
 1366.533  22.77556 0.3795926     N    0    0    0
 1367.375  22.78958 0.3798264     N    0    0    0
 1368.247  22.80412 0.3800687     N    0    0    0
 1369.083  22.81806 0.3803009     N    0    0    0
 1370.003  22.83338 0.3805563     N    0    0    0
 1370.911  22.84852 0.3808086     N    0    0    0
 1371.778  22.86296 0.3810494     N    0    0    0
 1372.664  22.87773 0.3812955     N    0    0    0
 1373.492  22.89153 0.3815255     N    0    0    0
 1374.347  22.90579 0.3817631     N    0    0    0
 1375.189  22.91981 0.3819969     N    0    0    0
 1376.097  22.93495 0.3822492     N    0    0    0
 1376.978  22.94963 0.3824938     N    0    0    0
 1377.875  22.96458 0.3827431     N    0    0    0
 1378.736  22.97894 0.3829823     N    0    0    0
 1379.550  22.99250 0.3832083     N    0    0    0
 1380.444  23.00741 0.3834568     N    0    0    0
 1381.308  23.02181 0.3836968     N    0    0    0
 1382.231  23.03718 0.3839529     N    0    0    0
 1383.133  23.05222 0.3842037     N    0    0    0
 1384.025  23.06708 0.3844514     N    0    0    0
 1384.886  23.08144 0.3846906     N    0    0    0
 1385.708  23.09514 0.3849190     N    0    0    0
 1386.564  23.10940 0.3851566     N    0    0    0
 1387.456  23.12426 0.3854043     N    0    0    0
 1388.333  23.13889 0.3856481     N    0    0    0
 1389.219  23.15366 0.3858943     N    0    0    0
 1390.067  23.16778 0.3861296     N    0    0    0
 1390.908  23.18181 0.3863634     N    0    0    0
 1391.744  23.19574 0.3865957     N    0    0    0
 1392.572  23.20954 0.3868256     N    0    0    0
 1393.464  23.22440 0.3870733     N    0    0    0
 1394.339  23.23898 0.3873164     N    0    0    0
 1395.206  23.25343 0.3875571     N    0    0    0
 1396.058  23.26764 0.3877940     N    0    0    0
 1396.922  23.28204 0.3880340     N    0    0    0
 1397.744  23.29574 0.3882623     N    0    0    0
 1398.564  23.30940 0.3884900     N    0    0    0
 1399.481  23.32468 0.3887446     N    0    0    0
 1400.367  23.33944 0.3889907     N    0    0    0
 1401.269  23.35449 0.3892415     N    0    0    0
 1402.117  23.36861 0.3894769     N    0    0    0
 1402.972  23.38287 0.3897145     N    0    0    0
 1403.819  23.39699 0.3899498     N    0    0    0
 1404.656  23.41093 0.3901821     N    0    0    0
 1405.567  23.42611 0.3904352     N    0    0    0
 1406.492  23.44153 0.3906921     N    0    0    0
 1407.392  23.45653 0.3909421     N    0    0    0
 1408.244  23.47074 0.3911790     N    0    0    0
 1409.125  23.48542 0.3914236     N    0    0    0
 1409.956  23.49926 0.3916543     N    0    0    0
 1410.775  23.51292 0.3918819     N    0    0    0
 1411.711  23.52852 0.3921420     N    0    0    0
 1412.597  23.54329 0.3923881     N    0    0    0
 1413.483  23.55806 0.3926343     N    0    0    0
 1414.339  23.57231 0.3928719     N    0    0    0
 1415.222  23.58704 0.3931173     N    0    0    0
 1416.056  23.60093 0.3933488     N    0    0    0
 1416.875  23.61458 0.3935764     N    0    0    0
 1417.861  23.63102 0.3938503     N    0    0    0
 1418.794  23.64657 0.3941096     N    0    0    0
 1419.694  23.66157 0.3943596     N    0    0    0
 1420.606  23.67676 0.3946127     N    0    0    0
 1421.494  23.69157 0.3948596     N    0    0    0
 1422.369  23.70616 0.3951026     N    0    0    0
 1423.233  23.72056 0.3953426     N    0    0    0
 1424.228  23.73713 0.3956188     N    0    0    0
 1425.167  23.75278 0.3958796     N    0    0    0
 1426.056  23.76759 0.3961265     N    0    0    0
 1426.967  23.78278 0.3963796     N    0    0    0
 1427.886  23.79810 0.3966350     N    0    0    0
 1428.728  23.81213 0.3968688     N    0    0    0
 1429.664  23.82773 0.3971289     N    0    0    0
 1430.650  23.84417 0.3974028     N    0    0    0
 1431.522  23.85870 0.3976451     N    0    0    0
 1432.394  23.87324 0.3978873     N    0    0    0
 1433.239  23.88731 0.3981219     N    0    0    0
 1434.103  23.90171 0.3983619     N    0    0    0
 1434.914  23.91523 0.3985872     N    0    0    0
 1435.794  23.92991 0.3988318     N    0    0    0
 1436.739  23.94565 0.3990941     N    0    0    0
 1437.594  23.95991 0.3993318     N    0    0    0
 1438.431  23.97384 0.3995640     N    0    0    0
 1439.267  23.98778 0.3997963     N    0    0    0
 1440.103  24.00171 0.4000285     N    0    0    0
 1440.925  24.01542 0.4002569     N    0    0    0
 1441.808  24.03014 0.4005023     N    0    0    0
 1442.733  24.04556 0.4007593     N    0    0    0
 1443.617  24.06028 0.4010046     N    0    0    0
 1444.456  24.07426 0.4012377     N    0    0    0
 1445.286  24.08810 0.4014684     N    0    0    0
 1446.156  24.10259 0.4017099     N    0    0    0
 1447.000  24.11667 0.4019444     N    0    0    0
 1447.894  24.13157 0.4021929     N    0    0    0
 1448.831  24.14718 0.4024529     N    0    0    0
 1449.717  24.16194 0.4026991     N    0    0    0
 1450.567  24.17611 0.4029352     N    0    0    0
 1451.408  24.19014 0.4031690     N    0    0    0
 1452.278  24.20463 0.4034105     N    0    0    0
 1453.114  24.21856 0.4036427     N    0    0    0
 1454.014  24.23356 0.4038927     N    0    0    0
 1454.942  24.24903 0.4041505     N    0    0    0
 1455.797  24.26329 0.4043881     N    0    0    0
 1456.661  24.27769 0.4046281     N    0    0    0
 1457.514  24.29190 0.4048650     N    0    0    0
 1458.367  24.30611 0.4051019     N    0    0    0
 1459.231  24.32051 0.4053418     N    0    0    0
 1460.133  24.33556 0.4055926     N    0    0    0
 1461.053  24.35088 0.4058480     N    0    0    0
 1461.922  24.36537 0.4060895     N    0    0    0
 1462.781  24.37968 0.4063279     N    0    0    0
 1463.642  24.39403 0.4065671     N    0    0    0
 1464.481  24.40801 0.4068002     N    0    0    0
 1465.403  24.42338 0.4070563     N    0    0    0
 1466.333  24.43889 0.4073148     N    0    0    0
 1467.286  24.45477 0.4075795     N    0    0    0
 1468.169  24.46949 0.4078248     N    0    0    0
 1469.025  24.48375 0.4080625     N    0    0    0
 1469.889  24.49815 0.4083025     N    0    0    0
 1470.719  24.51199 0.4085332     N    0    0    0
 1471.633  24.52722 0.4087870     N    0    0    0
 1472.503  24.54171 0.4090285     N    0    0    0
 1473.419  24.55699 0.4092832     N    0    0    0
 1474.278  24.57130 0.4095216     N    0    0    0
 1475.103  24.58505 0.4097508     N    0    0    0
 1475.950  24.59917 0.4099861     N    0    0    0
 1476.772  24.61287 0.4102145     N    0    0    0
 1477.681  24.62801 0.4104668     N    0    0    0
 1478.586  24.64310 0.4107184     N    0    0    0
 1479.481  24.65801 0.4109668     N    0    0    0
 1480.358  24.67264 0.4112106     N    0    0    0
 1481.181  24.68634 0.4114390     N    0    0    0
 1482.039  24.70065 0.4116775     N    0    0    0
 1482.856  24.71426 0.4119043     N    0    0    0
 1483.775  24.72958 0.4121597     N    0    0    0
 1484.700  24.74500 0.4124167     N    0    0    0
 1485.578  24.75963 0.4126605     N    0    0    0
 1486.467  24.77444 0.4129074     N    0    0    0
 1487.333  24.78889 0.4131481     N    0    0    0
 1488.181  24.80301 0.4133835     N    0    0    0
 1489.042  24.81736 0.4136227     N    0    0    0
 1490.003  24.83338 0.4138897     N    0    0    0
 1490.900  24.84833 0.4141389     N    0    0    0
 1491.803  24.86338 0.4143897     N    0    0    0
 1492.728  24.87880 0.4146466     N    0    0    0
 1493.569  24.89282 0.4148804     N    0    0    0
 1494.433  24.90722 0.4151204     N    0    0    0
 1495.333  24.92222 0.4153704     N    0    0    0
 1496.275  24.93792 0.4156319     N    0    0    0
 1497.189  24.95315 0.4158858     N    0    0    0
 1498.083  24.96806 0.4161343     N    0    0    0
 1498.994  24.98324 0.4163873     N    0    0    0
 1499.875  24.99792 0.4166319     N    0    0    0
 1500.722  25.01204 0.4168673     N    0    0    0
 1501.675  25.02792 0.4171319     N    0    0    0
 1502.631  25.04384 0.4173974     N    0    0    0
 1503.550  25.05917 0.4176528     N    0    0    0
 1504.464  25.07440 0.4179066     N    0    0    0
 1505.347  25.08912 0.4181520     N    0    0    0
 1506.225  25.10375 0.4183958     N    0    0    0
 1507.092  25.11819 0.4186366     N    0    0    0
 1508.017  25.13361 0.4188935     N    0    0    0
 1508.967  25.14944 0.4191574     N    0    0    0
 1509.844  25.16407 0.4194012     N    0    0    0
 1510.742  25.17903 0.4196505     N    0    0    0
 1511.633  25.19389 0.4198981     N    0    0    0
 1512.481  25.20801 0.4201335     N    0    0    0
 1513.381  25.22301 0.4203835     N    0    0    0
 1514.328  25.23880 0.4206466     N    0    0    0
 1515.269  25.25449 0.4209082     N    0    0    0
 1516.114  25.26856 0.4211427     N    0    0    0
 1517.011  25.28352 0.4213920     N    0    0    0
 1517.875  25.29792 0.4216319     N    0    0    0
 1518.672  25.31120 0.4218534     N    0    0    0
 1519.586  25.32644 0.4221073     N    0    0    0
 1520.497  25.34162 0.4223603     N    0    0    0
 1521.378  25.35630 0.4226049     N    0    0    0
 1522.206  25.37009 0.4228349     N    0    0    0
 1523.031  25.38384 0.4230640     N    0    0    0
 1523.881  25.39801 0.4233002     N    0    0    0
 1524.667  25.41111 0.4235185     N    0    0    0
 1525.547  25.42579 0.4237631     N    0    0    0
 1526.453  25.44088 0.4240147     N    0    0    0
 1527.347  25.45579 0.4242631     N    0    0    0
 1528.178  25.46963 0.4244938     N    0    0    0
 1529.019  25.48366 0.4247276     N    0    0    0
 1529.878  25.49796 0.4249660     N    0    0    0
 1530.703  25.51171 0.4251952     N    0    0    0
 1531.581  25.52634 0.4254390     N    0    0    0
 1532.494  25.54157 0.4256929     N    0    0    0
 1533.408  25.55681 0.4259468     N    0    0    0
 1534.272  25.57120 0.4261867     N    0    0    0
 1535.125  25.58542 0.4264236     N    0    0    0
 1536.017  25.60028 0.4266713     N    0    0    0
 1536.867  25.61444 0.4269074     N    0    0    0
 1537.778  25.62963 0.4271605     N    0    0    0
 1538.697  25.64495 0.4274159     N    0    0    0
 1539.608  25.66014 0.4276690     N    0    0    0
 1540.467  25.67444 0.4279074     N    0    0    0
 1541.303  25.68838 0.4281397     N    0    0    0
 1542.183  25.70306 0.4283843     N    0    0    0
 1543.003  25.71671 0.4286119     N    0    0    0
 1543.886  25.73144 0.4288573     N    0    0    0
 1544.789  25.74648 0.4291080     N    0    0    0
 1545.664  25.76106 0.4293511     N    0    0    0
 1546.514  25.77523 0.4295872     N    0    0    0
 1547.356  25.78926 0.4298210     N    0    0    0
 1548.206  25.80343 0.4300571     N    0    0    0
 1549.033  25.81722 0.4302870     N    0    0    0
 1549.922  25.83204 0.4305340     N    0    0    0
 1550.800  25.84667 0.4307778     N    0    0    0
 1551.667  25.86111 0.4310185     N    0    0    0
 1552.528  25.87546 0.4312577     N    0    0    0
 1553.328  25.88880 0.4314799     N    0    0    0
 1554.189  25.90315 0.4317191     N    0    0    0
 1555.011  25.91685 0.4319475     N    0    0    0
 1555.861  25.93102 0.4321836     N    0    0    0
 1556.739  25.94565 0.4324275     N    0    0    0
 1557.578  25.95963 0.4326605     N    0    0    0
 1558.436  25.97394 0.4328989     N    0    0    0
 1559.231  25.98718 0.4331196     N    0    0    0
 1560.061  26.00102 0.4333503     N    0    0    0
 1560.872  26.01454 0.4335756     N    0    0    0
 1561.714  26.02856 0.4338094     N    0    0    0
 1562.586  26.04310 0.4340517     N    0    0    0
 1563.422  26.05704 0.4342840     N    0    0    0
 1564.233  26.07056 0.4345093     N    0    0    0
 1565.042  26.08403 0.4347338     N    0    0    0
 1565.833  26.09722 0.4349537     N    0    0    0
 1566.625  26.11042 0.4351736     N    0    0    0
 1567.472  26.12454 0.4354090     N    0    0    0
 1568.294  26.13824 0.4356373     N    0    0    0
 1569.139  26.15231 0.4358719     N    0    0    0
 1569.961  26.16602 0.4361003     N    0    0    0
 1570.775  26.17958 0.4363264     N    0    0    0
 1571.581  26.19301 0.4365502     N    0    0    0
 1572.386  26.20644 0.4367739     N    0    0    0
 1573.222  26.22037 0.4370062     N    0    0    0
 1574.092  26.23486 0.4372477     N    0    0    0
 1574.961  26.24935 0.4374892     N    0    0    0
 1575.789  26.26315 0.4377191     N    0    0    0
 1576.642  26.27736 0.4379560     N    0    0    0
 1577.442  26.29069 0.4381782     N    0    0    0
 1578.244  26.30407 0.4384012     N    0    0    0
 1579.083  26.31806 0.4386343     N    0    0    0
 1579.978  26.33296 0.4388827     N    0    0    0
 1580.844  26.34741 0.4391235     N    0    0    0
 1581.703  26.36171 0.4393619     N    0    0    0
 1582.597  26.37662 0.4396103     N    0    0    0
 1583.436  26.39060 0.4398434     N    0    0    0
 1584.272  26.40454 0.4400756     N    0    0    0
 1585.144  26.41907 0.4403179     N    0    0    0
 1586.056  26.43426 0.4405710     N    0    0    0
 1586.925  26.44875 0.4408125     N    0    0    0
 1587.747  26.46245 0.4410409     N    0    0    0
 1588.583  26.47639 0.4412731     N    0    0    0
 1589.419  26.49032 0.4415054     N    0    0    0
 1590.211  26.50352 0.4417253     N    0    0    0
 1591.025  26.51708 0.4419514     N    0    0    0
 1591.953  26.53255 0.4422091     N    0    0    0
 1592.825  26.54708 0.4424514     N    0    0    0
 1593.656  26.56093 0.4426821     N    0    0    0
 1594.525  26.57542 0.4429236     N    0    0    0
 1595.369  26.58949 0.4431582     N    0    0    0
 1596.192  26.60319 0.4433866     N    0    0    0
 1597.022  26.61704 0.4436173     N    0    0    0
 1597.967  26.63278 0.4438796     N    0    0    0
 1598.683  26.64472 0.4440787     A    0    0    0
 1599.689  26.66148 0.4443580     N    0    0    0
 1600.606  26.67676 0.4446127     N    0    0    0
 1601.461  26.69102 0.4448503     N    0    0    0
 1602.303  26.70505 0.4450841     N    0    0    0
 1603.108  26.71847 0.4453079     N    0    0    0
 1604.036  26.73394 0.4455656     N    0    0    0
 1604.794  26.74657 0.4457762     A    0    0    0
 1605.733  26.76222 0.4460370     N    0    0    0
 1606.597  26.77662 0.4462770     N    0    0    0
 1607.406  26.79009 0.4465015     N    0    0    0
 1608.222  26.80370 0.4467284     N    0    0    0
 1609.006  26.81676 0.4469460     N    0    0    0
 1609.858  26.83097 0.4471829     N    0    0    0
 1610.744  26.84574 0.4474290     N    0    0    0
 1611.558  26.85931 0.4476551     N    0    0    0
 1612.144  26.86907 0.4478179     A    0    0    0
 1613.067  26.88444 0.4480741     N    0    0    0
 1613.881  26.89801 0.4483002     N    0    0    0
 1614.622  26.91037 0.4485062     N    0    0    0
 1615.453  26.92421 0.4487369     N    0    0    0
 1616.306  26.93843 0.4489738     N    0    0    0
 1617.131  26.95218 0.4492029     N    0    0    0
 1617.908  26.96514 0.4494190     N    0    0    0
 1618.711  26.97852 0.4496420     N    0    0    0
 1619.492  26.99153 0.4498588     N    0    0    0
 1620.294  27.00491 0.4500818     N    0    0    0
 1621.092  27.01819 0.4503032     N    0    0    0
 1621.933  27.03222 0.4505370     N    0    0    0
 1622.808  27.04681 0.4507801     N    0    0    0
 1623.625  27.06042 0.4510069     N    0    0    0
 1624.431  27.07384 0.4512307     N    0    0    0
 1625.239  27.08731 0.4514552     N    0    0    0
 1626.039  27.10065 0.4516775     N    0    0    0
 1626.844  27.11407 0.4519012     N    0    0    0
 1627.703  27.12838 0.4521397     N    0    0    0
 1628.561  27.14269 0.4523781     N    0    0    0
 1629.439  27.15731 0.4526219     N    0    0    0
 1630.239  27.17065 0.4528441     N    0    0    0
 1631.053  27.18421 0.4530702     N    0    0    0
 1631.869  27.19782 0.4532971     N    0    0    0
 1632.678  27.21130 0.4535216     N    0    0    0
 1633.517  27.22528 0.4537546     N    0    0    0
 1634.400  27.24000 0.4540000     N    0    0    0
 1635.278  27.25463 0.4542438     N    0    0    0
 1636.100  27.26833 0.4544722     N    0    0    0
 1636.942  27.28236 0.4547060     N    0    0    0
 1637.786  27.29644 0.4549406     N    0    0    0
 1638.625  27.31042 0.4551736     N    0    0    0
 1639.547  27.32579 0.4554298     N    0    0    0
 1640.458  27.34097 0.4556829     N    0    0    0
 1641.408  27.35681 0.4559468     N    0    0    0
 1642.297  27.37162 0.4561937     N    0    0    0
 1643.147  27.38579 0.4564298     N    0    0    0
 1644.031  27.40051 0.4566752     N    0    0    0
 1644.906  27.41509 0.4569182     N    0    0    0
 1645.822  27.43037 0.4571728     N    0    0    0
 1646.733  27.44556 0.4574259     N    0    0    0
 1647.633  27.46056 0.4576759     N    0    0    0
 1648.503  27.47505 0.4579174     N    0    0    0
 1649.356  27.48926 0.4581543     N    0    0    0
 1650.183  27.50306 0.4583843     N    0    0    0
 1651.053  27.51755 0.4586258     N    0    0    0
 1651.947  27.53245 0.4588742     N    0    0    0
 1652.814  27.54690 0.4591150     N    0    0    0
 1653.692  27.56153 0.4593588     N    0    0    0
 1654.542  27.57569 0.4595949     N    0    0    0
 1655.375  27.58958 0.4598264     N    0    0    0
 1656.233  27.60389 0.4600648     N    0    0    0
 1657.086  27.61810 0.4603017     N    0    0    0
 1658.006  27.63343 0.4605571     N    0    0    0
 1658.917  27.64861 0.4608102     N    0    0    0
 1659.803  27.66338 0.4610563     N    0    0    0
 1660.681  27.67801 0.4613002     N    0    0    0
 1661.494  27.69157 0.4615262     N    0    0    0
 1662.322  27.70537 0.4617562     N    0    0    0
 1663.186  27.71977 0.4619961     N    0    0    0
 1664.053  27.73421 0.4622369     N    0    0    0
 1664.914  27.74856 0.4624761     N    0    0    0
 1665.761  27.76269 0.4627114     N    0    0    0
 1666.575  27.77625 0.4629375     N    0    0    0
 1667.378  27.78963 0.4631605     N    0    0    0
 1668.181  27.80301 0.4633835     N    0    0    0
 1668.958  27.81597 0.4635995     N    0    0    0
 1669.853  27.83088 0.4638480     N    0    0    0
 1670.697  27.84495 0.4640826     N    0    0    0
 1671.550  27.85917 0.4643194     N    0    0    0
 1672.375  27.87292 0.4645486     N    0    0    0
 1673.208  27.88681 0.4647801     N    0    0    0
 1674.036  27.90060 0.4650100     N    0    0    0
 1674.828  27.91380 0.4652299     N    0    0    0
 1675.761  27.92935 0.4654892     N    0    0    0
 1676.683  27.94472 0.4657454     N    0    0    0
 1677.547  27.95912 0.4659853     N    0    0    0
 1678.450  27.97417 0.4662361     N    0    0    0
 1679.319  27.98866 0.4664776     N    0    0    0
 1680.156  28.00259 0.4667099     N    0    0    0
 1681.000  28.01667 0.4669444     N    0    0    0
 1681.983  28.03306 0.4672176     N    0    0    0
 1682.900  28.04833 0.4674722     N    0    0    0
 1683.744  28.06241 0.4677068     N    0    0    0
 1684.639  28.07731 0.4679552     N    0    0    0
 1685.497  28.09162 0.4681937     N    0    0    0
 1686.336  28.10560 0.4684267     N    0    0    0
 1687.197  28.11995 0.4686659     N    0    0    0
 1688.125  28.13542 0.4689236     N    0    0    0
 1689.061  28.15102 0.4691836     N    0    0    0
 1689.922  28.16537 0.4694228     N    0    0    0
 1690.819  28.18032 0.4696721     N    0    0    0
 1691.692  28.19486 0.4699144     N    0    0    0
 1692.497  28.20829 0.4701381     N    0    0    0
 1693.403  28.22338 0.4703897     N    0    0    0
 1694.328  28.23880 0.4706466     N    0    0    0
 1695.217  28.25361 0.4708935     N    0    0    0
 1696.061  28.26769 0.4711281     N    0    0    0
 1696.936  28.28227 0.4713711     N    0    0    0
 1697.764  28.29606 0.4716011     N    0    0    0
 1698.586  28.30977 0.4718295     N    0    0    0
 1699.481  28.32468 0.4720779     N    0    0    0
 1700.364  28.33940 0.4723233     N    0    0    0
 1701.275  28.35458 0.4725764     N    0    0    0
 1702.103  28.36838 0.4728063     N    0    0    0
 1702.950  28.38250 0.4730417     N    0    0    0
 1703.800  28.39667 0.4732778     N    0    0    0
 1704.606  28.41009 0.4735015     N    0    0    0
 1705.494  28.42491 0.4737485     N    0    0    0
 1706.397  28.43995 0.4739992     N    0    0    0
 1707.294  28.45491 0.4742485     N    0    0    0
 1708.111  28.46852 0.4744753     N    0    0    0
 1708.967  28.48278 0.4747130     N    0    0    0
 1709.814  28.49690 0.4749483     N    0    0    0
 1710.608  28.51014 0.4751690     N    0    0    0
 1711.472  28.52454 0.4754090     N    0    0    0
 1712.364  28.53940 0.4756566     N    0    0    0
 1713.281  28.55468 0.4759113     N    0    0    0
 1714.117  28.56861 0.4761435     N    0    0    0
 1714.969  28.58282 0.4763804     N    0    0    0
 1715.833  28.59722 0.4766204     N    0    0    0
 1716.611  28.61019 0.4768364     N    0    0    0
 1717.489  28.62481 0.4770802     N    0    0    0
 1718.386  28.63977 0.4773295     N    0    0    0
 1719.253  28.65421 0.4775702     N    0    0    0
 1720.086  28.66810 0.4778017     N    0    0    0
 1720.889  28.68148 0.4780247     N    0    0    0
 1721.725  28.69542 0.4782569     N    0    0    0
 1722.511  28.70852 0.4784753     N    0    0    0
 1723.328  28.72213 0.4787022     N    0    0    0
 1724.181  28.73634 0.4789390     N    0    0    0
 1725.061  28.75102 0.4791836     N    0    0    0
 1725.875  28.76458 0.4794097     N    0    0    0
 1726.681  28.77801 0.4796335     N    0    0    0
 1727.489  28.79148 0.4798580     N    0    0    0
 1728.306  28.80509 0.4800849     N    0    0    0
 1729.119  28.81866 0.4803110     N    0    0    0
 1730.014  28.83356 0.4805594     N    0    0    0
 1730.872  28.84787 0.4807978     N    0    0    0
 1731.728  28.86213 0.4810355     N    0    0    0
 1732.561  28.87602 0.4812670     N    0    0    0
 1733.372  28.88954 0.4814923     N    0    0    0
 1734.206  28.90343 0.4817238     N    0    0    0
 1735.006  28.91676 0.4819460     N    0    0    0
 1735.858  28.93097 0.4821829     N    0    0    0
 1736.717  28.94528 0.4824213     N    0    0    0
 1737.561  28.95935 0.4826559     N    0    0    0
 1738.392  28.97319 0.4828866     N    0    0    0
 1739.208  28.98681 0.4831134     N    0    0    0
 1740.025  29.00042 0.4833403     N    0    0    0
 1740.833  29.01389 0.4835648     N    0    0    0
 1741.694  29.02824 0.4838040     N    0    0    0
 1742.536  29.04227 0.4840378     N    0    0    0
 1743.400  29.05667 0.4842778     N    0    0    0
 1744.231  29.07051 0.4845085     N    0    0    0
 1745.025  29.08375 0.4847292     N    0    0    0
 1745.850  29.09750 0.4849583     N    0    0    0
 1746.633  29.11056 0.4851759     N    0    0    0
 1747.467  29.12444 0.4854074     N    0    0    0
 1748.344  29.13907 0.4856512     N    0    0    0
 1749.181  29.15301 0.4858835     N    0    0    0
 1750.000  29.16667 0.4861111     N    0    0    0
 1750.806  29.18009 0.4863349     N    0    0    0
 1751.586  29.19310 0.4865517     N    0    0    0
 1752.372  29.20620 0.4867701     N    0    0    0
 1753.200  29.22000 0.4870000     N    0    0    0
 1754.039  29.23398 0.4872330     N    0    0    0
 1754.886  29.24810 0.4874684     N    0    0    0
 1755.664  29.26106 0.4876844     N    0    0    0
 1756.500  29.27500 0.4879167     N    0    0    0
 1757.294  29.28824 0.4881373     N    0    0    0
 1758.067  29.30111 0.4883519     N    0    0    0
 1758.911  29.31519 0.4885864     N    0    0    0
 1759.758  29.32931 0.4888218     N    0    0    0
 1760.611  29.34352 0.4890586     N    0    0    0
 1761.464  29.35773 0.4892955     N    0    0    0
 1762.278  29.37130 0.4895216     N    0    0    0
 1763.106  29.38509 0.4897515     N    0    0    0
 1763.914  29.39856 0.4899761     N    0    0    0
 1764.686  29.41144 0.4901906     N    0    0    0
 1765.567  29.42611 0.4904352     N    0    0    0
 1766.431  29.44051 0.4906752     N    0    0    0
 1767.275  29.45458 0.4909097     N    0    0    0
 1768.094  29.46824 0.4911373     N    0    0    0
 1768.933  29.48222 0.4913704     N    0    0    0
 1769.758  29.49597 0.4915995     N    0    0    0
 1770.542  29.50903 0.4918171     N    0    0    0
 1770.750  29.51250 0.4918750     ~    1    0    0
 1771.244  29.52074 0.4920123     A    0    0    0
 1772.342  29.53903 0.4923171     N    0    0    0
 1773.264  29.55440 0.4925733     N    0    0    0
 1774.128  29.56880 0.4928133     N    0    0    0
 1775.017  29.58361 0.4930602     N    0    0    0
 1775.869  29.59782 0.4932971     N    0    0    0
 1776.683  29.61139 0.4935231     N    0    0    0
 1777.617  29.62694 0.4937824     N    0    0    0
 1778.503  29.64171 0.4940285     N    0    0    0
 1779.353  29.65588 0.4942647     N    0    0    0
 1780.150  29.66917 0.4944861     N    0    0    0
 1780.978  29.68296 0.4947160     N    0    0    0
 1781.772  29.69620 0.4949367     N    0    0    0
 1782.514  29.70856 0.4951427     N    0    0    0
 1783.344  29.72241 0.4953735     N    0    0    0
 1784.192  29.73653 0.4956088     N    0    0    0
 1785.014  29.75023 0.4958372     N    0    0    0
 1785.775  29.76292 0.4960486     N    0    0    0
 1786.550  29.77583 0.4962639     N    0    0    0
 1787.325  29.78875 0.4964792     N    0    0    0
 1788.092  29.80153 0.4966921     N    0    0    0
 1788.808  29.81347 0.4968912     N    0    0    0
 1789.647  29.82745 0.4971242     N    0    0    0
 1790.464  29.84106 0.4973511     N    0    0    0
 1791.256  29.85426 0.4975710     N    0    0    0
 1792.011  29.86685 0.4977809     N    0    0    0
 1792.764  29.87940 0.4979900     N    0    0    0
 1793.525  29.89208 0.4982014     N    0    0    0
 1794.283  29.90472 0.4984120     N    0    0    0
 1795.022  29.91704 0.4986173     N    0    0    0
 1795.844  29.93074 0.4988457     N    0    0    0
 1796.669  29.94449 0.4990748     N    0    0    0
 1797.442  29.95736 0.4992894     N    0    0    0
 1798.200  29.97000 0.4995000     N    0    0    0
 1798.956  29.98259 0.4997099     N    0    0    0
 1799.703  29.99505 0.4999174     N    0    0    0
 1800.406  30.00676 0.5001127     N    0    0    0
 1801.169  30.01949 0.5003248     N    0    0    0
 1801.969  30.03282 0.5005471     N    0    0    0
 1802.758  30.04597 0.5007662     N    0    0    0
 1803.503  30.05838 0.5009730     N    0    0    0
 1804.231  30.07051 0.5011752     N    0    0    0
 1804.953  30.08255 0.5013758     N    0    0    0
